exp 8
62
734
1010
-60
87
547
-580
-407
271
-430
-542
-137
-497
-269
121
165
-215
1109
-75
-729
672
534
-484
-219
710
-73
403
916
437
188
-243
-656
429
812
-335
140
-1057
864
1099
254
711
785
-433
-622
-253
-209
-384
1154
-26
712
761
275
471
958
-696
-337
2338
-648
-881
-259
691
-298
688
753
-582
652
598
-172
1341
106
-165
-182
543
-87
-128
-80
433
-332
395
587
99
-1025
294
-780
-798
-554
94
425
-623
699
229
-111
109
-476
-375
427
-950
193
540
-154
249
418
433
360
269
-42
41
-412
-196
307
-61
-94
38
124
-646
590
222
-1041
1340
94
-418
42
-196
-441
917
-631
-820
390
515
-34
-643
918
1540
-408
-362
692
1049
583
-159
591
251
278
-178
-471
-349
-816
184
-755
579
-633
45
-121
232
1551
389
-616
-1133
602
341
656
106
-308
-331
-145
270
-448
-211
-386
132
411
1449
551
141
689
-749
1340
-339
66
-64
1282
358
-936
-285
-826
1357
1094
303
97
62
-621
-1022
-208
-39
-16
228
1022
267
-417
787
1448
-488
-327
324
-189
864
780
-111
3177
-496
636
-460
797
-393
681
408
-586
-871
-311
-167
517
1927
-705
274
-79
194
-128
-574
-438
223
-448
-416
1013
-317
660
375
-368
-304
879
-1216
-1418
450
278
-386
82
715
276
255
-658
787
-82
720
106
2250
-921
-277
-160
-703
-886
243
256
-200
-75
322
-1235
-102
838
401
-1219
-343
-749
1099
-254
-352
262
34
453
-169
99
226
467
-600
-1102
-200
-190
-292
-404
-25
-543
-954
1376
-208
-163
-173
-596
56
-564
405
124
-692
42
-63
-622
5
1103
55
370
-718
223
-344
1204
-546
874
-98
92
221
-250
146
379
-441
-124
225
242
852
706
-1264
379
-9
99
-3
-175
671
78
-161
-884
223
-1157
685
66
-149
356
443
262
444
499
1024
-649
-406
-482
585
1139
115
1569
-984
-219
294
-29
203
446
-496
630
-338
-172
759
-231
412
963
-949
-423
1105
31
-263
-32
-1118
-598
373
19
324
-119
161
776
-275
115
378
-342
647
1203
-711
-372
445
-936
203
-960
-308
120
192
490
318
541
840
-239
774
26
482
703
695
840
-442
-76
456
799
-637
-1169
409
-1131
-188
214
-105
917
948
-598
724
993
566
774
641
-48
88
-220
-168
898
-162
31
1198
-133
418
-36
-723
-337
-195
-694
227
-656
680
-702
-124
825
413
54
936
660
-19
289
-211
1162
-179
76
707
342
393
-161
-435
-680
-112
413
-547
-1030
520
1043
67
-200
510
253
-155
-8
-252
104
-665
-1017
842
-553
954
673
-1176
-348
1200
-645
277
335
104
-108
-394
-272
-642
-804
-728
-495
-181
71
-586
-249
-844
-155
998
-130
-718
-439
-814
188
-600
-84
68
26
-467
56
246
-500
-369
161
253
879
-769
-77
-581
503
543
-545
-570
-720
-68
-945
-122
347
250
-640
115
-757
201
-986
-824
122
-563
-190
229
998
-1065
632
453
-43
574
893
721
239
-36
-141
466
1032
1342
443
-854
294
290
-1106
-684
207
-528
955
630
-327
-655
686
-1015
300
-699
-320
572
-572
-247
621
-610
758
9
-99
-513
449
-627
-776
-485
106
-752
-77
-234
-533
378
468
285
-963
184
254
576
-72
673
-511
-451
19
-686
978
-970
-253
-76
231
-123
382
-203
376
-259
-432
711
975
-262
843
227
564
82
697
997
-306
-419
386
761
386
825
947
538
-174
-1693
-962
-97
363
965
728
641
1075
60
1109
980
249
612
930
442
734
-532
-277
-297
922
1150
-288
416
-135
-282
-178
54
189
466
-485
-287
-388
202
909
-332
264
-720
68
58
860
79
1013
307
-50
-13
312
-57
735
-493
1277
346
-328
706
-904
-733
-565
687
1055
-460
834
-542
-317
622
-819
163
577
-222
-255
249
2169
-350
-1068
-342
-455
694
-2199
-847
-425
236
256
-950
-323
-106
-271
-925
46
-377
-1420
-485
-147
197
-51
-505
893
76
675
-439
90
-777
-158
1424
121
666
-729
797
92
-634
-79
57
622
381
-415
488
-551
-1261
680
98
1009
264
483
-649
-1116
772
194
-82
-290
166
-98
-393
909
-896
131
-580
476
994
229
999
313
-681
-19
1296
514
442
508
138
-167
-189
878
556
-330
50
239
-284
-315
349
273
485
53
152
-204
1259
202
341
539
-827
201
-404
-758
647
-261
-280
896
-172
207
254
-482
338
1301
-78
-1313
623
-494
-154
-122
-289
81
295
-804
-114
169
155
-31
-803
351
167
59
-525
-104
-85
-855
-805
-576
-151
-782
356
-118
-515
503
175
-161
594
197
610
232
864
756
349
-39
-923
246
-1092
-699
-1190
329
-985
888
61
836
-699
-585
-1325
260
-31
163
242
-95
54
79
-446
-636
-818
270
-1529
1540
1038
76
-86
-222
487
3
349
430
-505
-335
-88
70
-544
-566
326
791
-1016
397
167
-1149
-1256
-702
213
799
-1014
-418
-716
303
-338
47
834
-859
0
-1198
-82
-29
-290
-395
-1542
652
-288
-715
204
1446
-443
-1537
-695
409
353
344
851
-247
331
1379
771
-256
-413
-111
-632
863
286
-290
152
562
-98
76
-761
420
838
1141
71
57
473
403
627
244
985
180
356
393
681
677
-186
86
-484
-308
-321
-633
-655
524
947
-530
274
368
-438
-1119
97
23
-101
-505
-104
809
-38
384
677
-352
-224
-356
1506
-4
-349
20
-119
-278
-509
-30
-265
-258
-572
415
650
123
170
-794
-923
-226
-228
681
-832
557
267
563
-545
-655
-671
-164
682
618
1339
-235
-841
793
-109
-1281
-459
-201
-166
-1175
-242
890
-1380
-622
-764
-62
246
-451
14
755
-248
-755
285
91
355
276
715
259
522
185
-550
-1029
-685
-362
-262
530
-635
118
-1162
873
-382
-283
-493
-165
899
928
301
308
417
802
-185
379
-362
223
222
-1193
138
1068
101
50
-334
-317
-859
-195
-527
347
-242
285
-333
454
858
-375
96
-715
1531
552
492
-480
-840
296
957
465
1324
808
202
-758
-548
561
8
357
195
-476
-415
-217
-1232
-256
222
-294
487
-543
1010
-1138
-47
1176
-548
579
-244
1427
-940
164
866
149
1166
674
452
-1102
595
335
503
598
-122
373
192
765
44
919
195
172
192
-12
334
459
742
-1053
225
-549
349
609
568
-3
360
272
-871
-360
608
88
119
530
363
-183
1567
-297
288
338
656
-836
510
251
452
400
-415
9
-981
-119
662
429
-496
-74
-145
-722
-322
-4
135
-318
-435
-600
-147
424
110
391
-1274
445
796
226
-1226
706
-986
704
-401
-1331
905
-666
-435
-349
188
824
695
-1984
261
-703
-1106
253
-1035
-1029
-770
-2344
-770
-518
-336
402
453
-174
-153
463
-207
916
-415
61
-391
267
146
233
-1410
-1105
235
-329
-872
576
-116
-379
-778
-171
373
677
750
-189
232
592
1196
774
405
-408
-3
-499
399
807
-110
1493
-154
-42
257
-1266
-346
-972
-1378
1066
-928
1158
793
-265
620
1013
1345
-367
20
-754
784
7
352
682
498
-114
-39
279
355
-234
581
-413
584
-220
-126
1401
204
-463
-295
-263
-642
225
-578
-569
150
-238
1337
-25
38
697
82
825
355
-249
-241
-987
872
-844
-703
75
194
665
-669
-166
-875
-46
-223
509
-811
195
266
89
136
125
351
-1327
-1411
-254
-140
-362
-737
91
-226
-800
-632
-1120
7
481
-17
423
48
-103
-624
333
1080
-991
-420
-407
78
408
17
425
-31
-303
658
-172
-471
2106
-284
186
-21
-879
1481
285
-54
675
509
-834
390
-112
-616
169
-550
-22
-899
-129
226
116
238
203
430
907
-567
-206
-314
-743
216
638
14
1125
-555
1023
-1255
634
-227
30
538
721
-230
76
-307
285
200
92
302
717
681
-85
-887
462
18
-463
-376
557
433
548
-570
-288
1210
363
355
1393
-364
553
399
469
266
-140
112
206
150
-140
-827
783
31
-214
1320
-634
318
137
-348
-1348
787
-193
-160
-786
123
-428
247
-126
885
-1290
-379
642
-276
-433
-39
-108
402
222
-829
98
-292
190
1218
-549
328
1498
-755
9
-1269
880
406
-918
194
642
-132
195
403
5
-242
-778
284
-835
-1179
-673
243
-681
-845
-73
-196
-766
525
139
-254
-160
775
-131
603
303
24
857
390
129
48
-853
-433
-16
675
262
-238
594
459
-241
-172
34
962
236
-179
652
-409
-804
-560
180
1205
-289
-1146
-186
485
-424
-801
-742
-413
393
-1407
60
849
648
534
-354
72
-63
104
-1048
753
-110
977
-66
-52
-319
1205
1084
-455
31
-345
-101
-760
746
179
650
182
-785
372
-1356
-106
-420
639
-970
200
-265
216
214
502
-720
348
-509
-446
-1108
168
-546
-253
286
-321
879
-526
-377
18
1333
274
-1005
-1120
195
508
631
215
-675
-217
1275
-267
330
-272
-11
150
865
-787
156
-154
-349
366
-361
817
-500
-929
-976
-248
342
-713
-900
-226
511
690
-473
-148
1495
66
48
-671
-375
106
592
-119
980
-678
-981
109
-667
-392
-88
836
-118
369
112
-28
-574
242
442
-758
831
-327
698
297
-1909
1144
-385
280
161
290
-337
-779
-413
-663
3
-231
-744
-267
-157
442
224
-300
-759
-378
-75
-615
116
-588
1175
524
117
-470
-125
-984
1011
-198
-326
1839
-893
464
543
288
221
135
65
218
357
174
-389
377
294
-1187
-800
-835
150
-364
-281
-453
675
148
1000
235
-1056
497
497
-26
226
1701
1091
325
466
186
-154
142
608
-522
-258
68
503
-796
-383
-535
-1437
-327
126
-338
-608
-670
-937
43
-1167
100
981
-707
299
40
749
-1063
-761
-263
-72
-120
-756
473
-538
-510
298
320
-358
-513
463
170
596
258
272
667
-186
-852
498
-29
656
-748
219
591
-295
51
-756
204
-599
-665
-51
94
124
79
349
340
426
-787
-107
-512
-117
5
639
395
146
46
1025
96
1299
-607
1145
32
282
-319
-269
-278
446
512
-213
808
1572
-10
-706
-581
193
699
-208
65
-489
-137
-728
-217
187
-335
-500
341
-334
-604
429
-448
-407
993
-705
-399
-123
821
-2097
186
418
842
646
41
732
-162
-450
992
-488
280
-9
-2922
436
-147
163
425
261
324
229
-246
871
313
-261
1076
246
-599
984
297
710
568
1257
715
878
-651
-232
-90
214
152
266
364
-922
932
-209
1311
422
-796
-509
-481
-513
0
-387
-119
-84
-164
-652
312
-284
-484
125
-1128
322
677
-336
276
487
28
257
144
38
388
979
-1095
-981
-1021
499
-566
327
-1108
64
-119
-35
-1321
238
366
-118
659
-378
-955
406
-116
-729
839
-188
493
-609
-534
769
-110
14
-326
213
100
84
-622
284
717
362
665
109
-681
-112
-694
1250
591
211
71
46
430
563
-280
275
541
-743
104
-2104
600
298
-314
123
-213
561
99
-79
-15
-119
700
244
1050
-515
138
-117
192
147
869
137
-353
514
40
-137
652
319
812
310
-188
-883
9
-230
-605
-1338
-830
-238
-1019
-289
636
345
338
1792
-344
905
-168
-682
-344
2
-405
-584
449
552
354
-60
-277
806
-787
-628
818
116
565
1386
-808
419
505
235
-514
-200
-203
385
-637
536
-337
-641
911
257
274
-918
-814
589
345
523
-1055
761
-347
-185
-340
-653
661
439
-230
345
-133
-246
687
258
680
2
-282
-1859
376
540
197
526
610
-11
-1451
1
577
-346
1075
1011
962
350
609
659
108
-196
180
320
786
-487
46
222
89
971
160
100
-601
927
-38
-663
-568
341
-584
311
-660
-2459
-617
-867
1331
-61
535
110
-133
593
-303
426
-18
-262
-415
-1097
-789
465
761
364
-831
-60
574
-401
-474
-183
-444
165
164
-249
-227
353
855
-522
-772
-955
793
381
-408
-2338
-1160
-1732
-1095
399
-63
123
-3239
348
-448
458
-314
-141
-801
464
678
27
-727
280
362
478
523
347
-460
514
265
85
1329
1453
636
-327
368
8
-60
-192
-270
392
-495
630
979
73
1061
-124
-457
1392
694
-554
-305
-305
-1152
-407
-222
-674
301
-745
494
-429
-351
259
415
-1613
-474
666
-1311
842
910
-230
756
435
1230
49
-263
-1045
484
141
-1654
-346
-466
-109
214
-490
-520
1221
-404
107
553
422
212
584
-3
949
-78
446
-487
-507
41
-120
12
-474
182
-202
-477
-1030
-112
-384
-175
-176
-315
88
128
-406
-530
-134
-323
80
250
911
972
-462
-7
5
-826
560
-441
-1751
-433
-1500
412
598
410
378
1173
254
-276
1121
-339
-1187
-271
-819
-1578
442
530
112
-1288
-748
426
716
310
136
163
431
691
-151
47
419
-943
1147
87
-512
-971
-665
273
1038
464
320
-211
-397
-4
695
-303
-32
-161
-81
977
728
-985
-1418
-235
-700
-535
-1495
701
172
-481
-319
-784
-131
467
-215
54
22
575
402
1046
-445
-692
-335
56
-736
327
202
30
737
-698
194
23
55
-63
14
65
682
-791
-729
642
821
444
-539
-1075
-477
256
-334
-554
676
-350
189
-211
-882
593
21
491
928
-204
736
109
904
599
524
612
931
950
-295
-1358
-1084
1150
-36
546
1110
-153
-254
-1442
-484
-407
-645
-730
229
1021
455
233
1667
553
690
814
-265
26
-340
-685
-218
-29
53
380
-190
-294
-194
-541
344
235
-521
448
274
28
-341
959
-63
-719
-643
940
512
-38
445
-330
-256
-834
816
-398
155
-474
551
1044
-1
347
-304
-19
21
-224
8
-518
189
-192
176
-105
-461
429
608
-224
-135
-113
-1901
259
-83
-395
374
442
144
-358
-4
45
639
-991
-235
-852
214
382
-373
-258
583
-288
856
-8
-576
-200
-654
280
-504
233
49
79
-986
299
-1416
-486
-49
481
-124
200
240
25
-11
-1594
367
-205
614
173
-165
1166
975
-1481
-402
-203
315
-942
341
70
-629
-209
-134
-1152
-261
-405
1158
-148
598
50
-647
342
-13
-339
-338
1979
-1450
-647
-321
-389
-1089
815
11
125
1157
-80
749
347
1041
44
463
-838
-975
496
-399
292
-1195
734
607
-243
372
-965
-58
110
583
378
475
-52
1180
-215
366
-423
-276
297
717
-977
105
44
13
-389
-526
-144
-164
881
-126
516
-173
304
746
295
-216
-160
-394
-399
375
-453
1195
-1035
-598
-314
19
-526
-175
-1443
-1180
-404
-112
1181
182
-100
-344
226
247
259
111
60
1052
137
-416
-1379
508
107
92
383
838
-289
287
-708
104
-754
-280
-473
-293
441
476
-382
-304
-129
-187
-315
723
1033
9
-526
-116
-404
27
92
942
442
-591
-48
-376
-346
-349
-589
226
167
1013
845
-206
-1251
124
454
965
-306
-561
-48
506
-648
-497
233
-1175
-554
-180
-1008
-489
-68
-889
-52
-29
-140
-555
-299
344
114
499
1175
95
335
-426
-650
-183
-117
684
-1134
911
451
723
-381
-655
-252
-247
-11
-974
-1124
-70
166
758
513
222
142
315
-814
-89
112
123
235
574
548
-622
-83
-244
-226
-257
-1492
-178
178
311
1225
-72
-1275
-13
-66
-950
1022
-123
604
5
430
425
269
-341
-282
-414
121
226
1088
-484
322
-261
266
922
-496
-256
560
-460
541
-435
1230
-215
88
48
202
-562
-1179
81
65
4
-47
79
53
765
-380
657
-905
33
-563
545
681
1009
222
-502
595
9
186
476
-675
23
248
1226
-761
149
-281
-279
327
1093
-904
156
-280
-355
214
17
607
-874
-1120
845
2
-297
724
53
-89
74
-196
836
-128
339
57
527
-70
630
-820
-541
92
-867
312
343
1066
-669
-970
552
34
461
398
82
-926
-560
-569
-256
-938
-108
430
-1217
379
100
-355
-299
333
-739
596
1112
186
273
501
-957
390
790
-260
444
-164
901
-354
954
-1862
193
322
132
-942
-275
-12
577
-1047
-377
259
-103
430
304
-739
734
427
404
770
-685
7
422
785
-568
-1191
111
174
-335
184
-951
-281
142
-307
-301
295
-246
589
741
-320
865
-69
-462
-186
1303
-808
-176
80
467
-273
-1291
-334
-1641
-104
-187
1697
433
278
-558
1078
-433
-737
88
475
1073
-44
841
348
-87
-648
-139
428
661
1098
42
-742
-1278
1045
442
26
821
498
626
131
-1168
180
-208
584
-52
568
-178
54
-554
-141
208
-976
724
-200
177
470
-133
356
322
-379
471
913
-527
347
297
-681
-529
-450
-730
-353
817
541
-1599
1353
144
-515
-1928
-276
595
-750
-1429
559
-598
394
-1083
1059
-636
449
10
-10
398
755
306
-1289
-434
-459
444
-97
30
-696
-539
-395
-777
152
328
597
229
-496
1782
-961
-234
-224
339
-117
-532
162
-241
58
157
-349
716
269
-44
592
345
-184
424
62
464
-2106
277
-186
547
-260
756
-287
314
-297
-215
1380
316
-806
365
-589
211
71
-492
-596
-1243
748
-12
-46
452
-1084
901
-184
-464
311
-1097
805
-549
-447
-668
76
-406
444
-607
801
-87
-667
-1259
371
588
361
24
395
-453
833
-653
-587
-27
111
640
273
-122
721
-340
-699
-32
-1230
239
-750
-2206
780
-133
-26
-339
344
-277
911
-253
-346
163
-689
-328
-491
462
-94
1042
-32
-685
-311
156
123
582
-997
-4
382
-718
-836
37
350
-263
522
-37
678
405
614
-277
-639
1338
-373
157
-664
-1081
300
902
605
7
564
749
-130
235
1126
612
966
465
339
360
-226
62
-13
105
737
948
457
573
-476
517
378
1152
-10
95
1360
539
633
-152
322
724
-586
-795
445
-598
-990
67
595
-46
391
-781
-564
-97
495
-189
190
220
-288
942
-280
-899
-67
758
208
-856
961
566
417
987
-798
-224
131
225
710
-688
-284
-1532
-958
250
490
567
442
-137
-243
1122
310
1050
965
-45
558
-1093
-812
359
423
-679
-573
-150
-328
-182
-37
34
-897
-34
-507
995
-832
-47
765
172
-341
67
-537
-279
-670
-179
609
-415
-181
-180
300
-430
738
413
611
-472
670
-471
493
-529
182
-309
121
-326
399
-355
108
293
564
828
585
-407
44
324
-523
-186
-210
204
-557
2205
329
238
-171
-82
150
-66
825
-1051
-444
52
-530
382
-486
309
-995
-990
95
538
156
230
442
-477
-146
-342
-42
-804
-431
-324
325
36
-4
-800
785
289
126
-130
907
20
-244
368
723
95
-283
-818
169
135
-314
1125
-863
1081
315
77
-641
-902
-176
-903
270
848
816
786
-803
-441
-79
-116
-383
975
648
148
-590
876
330
707
175
258
-366
693
748
-675
531
769
-72
-553
-678
-338
-1463
69
-723
-810
-1307
-43
300
-19
225
-458
-989
-848
627
-1092
-130
412
-196
-5
-612
513
123
-529
-1210
-738
195
289
-590
-1212
-969
303
750
701
-83
536
-328
-1076
-185
-92
761
-366
263
-421
-848
454
1216
465
152
-1208
191
760
-1000
780
339
362
769
324
-508
-1111
-399
-2498
-669
411
139
-891
-295
576
-802
465
22
-1313
-435
727
366
226
-803
-180
-105
-1636
571
-199
19
-165
302
-362
-408
-399
-21
-797
-886
-992
5796
-315
1716
-592
510
200
372
-218
385
681
-342
-500
77
-429
-995
-654
-391
-516
-308
690
30
-1425
-244
-109
-656
1092
-133
524
251
510
1041
814
36
247
418
654
-390
-74
262
513
1038
-653
949
-2
-1372
-199
28
-1099
-792
-1029
-497
-855
-112
-722
1181
-117
-913
578
-765
-127
-63
-29
-63
477
767
-615
256
-594
334
-343
22
280
825
-694
1115
302
-7
642
1423
470
-100
-490
358
843
-30
-73
-167
-465
-208
-229
-555
369
548
937
96
322
-908
-963
149
-467
-325
-67
-212
608
317
-145
26
760
156
78
879
-537
1284
328
-999
846
-514
438
520
-28
296
-288
-744
-192
-105
-104
925
-29
-73
543
804
-1500
146
612
294
1027
704
-63
285
1727
293
445
436
1436
18
-1521
549
-251
-732
-30
-511
-712
357
-211
917
-2101
216
-287
3
473
404
-266
154
-608
443
227
153
-177
-178
150
-6
799
38
86
-546
-581
-586
-107
616
-441
-82
681
-616
155
-629
-825
348
256
-916
792
552
1063
0
728
-223
854
35
-693
-417
-20
19
-1748
123
1200
88
-159
1299
-33
149
318
-493
-351
-201
674
-174
-255
215
24
-872
-469
-412
-504
-566
203
-440
-524
-351
-134
1042
820
122
721
-1550
-475
568
237
-583
-9
763
222
-802
-1519
418
-718
-700
1504
-1
-409
8
565
-1163
690
493
1297
156
212
-257
-860
-568
-97
980
-179
109
154
-14
409
354
1950
191
-32
892
740
-97
-484
-85
-1082
-390
-390
677
160
-966
134
397
883
-752
-731
-824
-175
-1168
286
210
-1058
543
-69
-521
44
-92
687
-566
-210
359
-654
-97
-547
808
71
429
-257
-778
-459
508
119
744
-43
-202
14
-643
-775
-75
-63
-1230
-1106
-689
-557
-393
-342
-240
-668
-508
57
845
-395
-457
-650
682
-601
166
295
-705
229
-1007
-397
23
-1455
660
547
-224
229
1395
1411
194
-483
-507
-832
227
-78
77
671
-755
477
632
1048
-119
-381
-1596
-358
137
-529
283
-831
141
93
94
183
46
-557
751
10
421
210
446
-77
-497
-117
780
759
-2329
-132
148
-247
761
-209
-936
-138
176
163
436
565
-226
-439
-323
517
764
-544
559
-977
54
373
245
296
410
334
-1209
22
-11
213
-292
-347
458
-136
917
-1078
-160
-523
-44
-413
266
1439
-453
482
-300
-703
349
664
-345
-739
669
-109
-328
-98
913
262
-110
-1728
-128
-193
-631
615
-459
-17
-370
-7
92
-145
230
156
1031
-200
155
157
445
-618
547
-670
-792
-253
728
-689
28
-382
27
606
87
-118
221
97
567
-896
108
63
-57
630
1095
-250
-510
868
-207
33
730
-413
590
-135
941
-998
14
-1317
791
-257
108
-272
149
109
346
-61
446
752
-273
288
-14
-315
208
442
-842
-873
-1050
-1255
-472
369
-61
1001
-592
885
217
462
465
-716
412
-259
-75
791
-2712
-380
1
449
393
-589
645
-514
28228
91
-1504
167
-794
73
622
390
-245
-27
-754
-353
-732
-178
1084
5
1361
168
-388
-503
-1032
394
-498
183
-136
513
-181
807
-651
759
-1535
-122
881
-100
635
635
-680
-148
-509
-80
-703
-93
826
969
306
667
1145
-245
500
100
-291
811
472
-1014
670
-203
261
563
-127
-372
-708
257
-338
-200
246
239
588
245
-33
-578
804
-166
-853
-491
-357
525
-480
888
118
282
-724
301
-36
-99
-297
670
-438
-464
-32
-679
-316
51
-272
360
-273
204
-939
-921
402
-249
-848
-126
