64
EXP 15
-4165 -17173 19867 -8902 -6970 -619 -5479 8226 3451 3821 -11663 -10362 2968 -10495 1286 -8125 -7888 16402 -4419 -14184 -5 -2366 -4589 1947 -305 -831 9136 6843 -3915 4986 19731 -8787 -147 25650 12723 6186 9020 -6969 -137 -8340 6817 4596 7990 2155 -10314 -10298 11639 6700 -9783 2709 -4814 -4980 6480 -7793 2882 -6730 -4611 -8095 -22668 6090 -7708 11469 -10010 1261
64
EXP 15
116 -5575 1028 -28111 9058 -3263 -788 -614 -1219 4344 -2097 -19198 2243 -2021 -7097 -8676 -7967 12227 -574 -6868 5446 -20658 429 10248 522 3906 -27822 7142 1277 2603 17354 -6451 -1173 14779 5853 7178 12687 -7043 400 11418 4338 -3184 3610 1624 -1639 -2635 2468 -3297 -5577 8863 -5716 5302 13134 -23679 7179 1850 -9850 -4102 -12787 6843 -5034 5377 -3123 -19881
64
EXP 14
4435 -4026 -947 -8785 6451 3320 3900 -4125 -6214 8614 -2433 -13684 659 -979 -4286 -2869 -10951 174 3570 -5254 -532 -4926 4083 3451 -8227 2081 -9517 13321 312 -1907 7586 553 -3512 7396 -784 16396 6898 93 -12370 -1682 -872 9095 -525 381 1592 3616 -2429 -3621 -101 6843 -3745 -2519 2908 -5832 3993 1766 -3192 -5943 -9617 -1633 -1180 -3045 -943 -11117
64
EXP 16
4070 -4768 10459 -11390 30586 -20416 1403 -6910 -13417 13797 592 10204 13842 13389 9107 -26169 -4678 -2660 30040 -15996 -7594 16115 11222 14218 3270 19519 21312 5905 13809 15539 20059 13842 4552 15935 8234 -2703 10076 637 20807 -8048 13804 -20673 -20966 8012 -1688 18053 18761 12135 8212 -6931 8064 -23539 -19506 -19910 7238 1760 28633 -4358 13734 -15175 -6621 -884 5372 15668
64
EXP 14
-7663 1222 521 -4343 14618 -1279 -9298 6618 3839 2571 -7353 -8952 -1151 9695 -10590 -2926 6885 -287 3751 -1375 -1122 3358 -1686 5975 -4438 7249 -7337 1381 2157 -5673 6598 1009 -7270 -963 3004 272 4051 -2130 401 4056 -9154 -4317 -7506 -3661 -4121 17790 -5396 7357 619 -1146 -2330 -5981 -1267 -2404 1743 -1577 538 148 -8412 5139 -2154 -5717 2772 -978
