32
EXP 11
-628 -1499 1156 -1805 -3249 -9010 17688 829 -385 -2399 2270 -1652 -8569 16127 -4286 -14705 -1459 2994 1215 -7238 -12206 -1099 -1328 -22464 159 -2792 1614 375 -3228 9247 4952 18170
32
EXP 11
623 561 1193 -1103 -2984 -4261 13756 1114 162 114 1086 -795 -7665 9963 -4809 -4826 -2020 448 3278 -8364 -8593 -2791 -2386 -20473 1204 718 2277 2763 -3417 8199 4910 13872
32
EXP 11
-980 788 1987 -2562 -1751 -8664 20420 238 1878 -174 1612 300 -4695 7112 -2711 -7661 276 2051 7040 -9563 -8159 -2073 -2801 -20981 625 310 2354 3299 -4150 10778 6356 15240
32
EXP 10
188 -997 3103 -3357 1459 -5512 13109 -1162 2087 643 4085 -3833 -4558 7123 -52 -17084 -1201 -308 4683 -6910 -9783 -949 -1160 -21264 932 3288 4752 4441 2289 5378 2441 18133
32
EXP 15
-12788 32092 -17204 516 20740 440 -1956 -12508 25572 31652 27880 -24604 -11272 -5248 -4320 11444 -1628 -4048 -6944 15008 -1312 4224 -13300 23456 -652 -3880 14728 4632 -18424 17832 -12688 4648
32
EXP 15
-27156 29460 -11164 7632 18196 -10108 5720 -10304 13936 15840 29420 -3524 6272 -12660 3924 17324 6192 -3988 -10784 4316 4564 -1372 1228 11060 11132 11916 7984 -4848 3176 -1328 -10632 1200
32
EXP 15
-16268 22856 -12448 12276 -12132 -6272 -21052 -1768 1756 7084 21212 2304 3216 9160 -3460 6660 5536 -1340 652 4832 1628 -3560 -7512 3480 6696 -4480 18540 -6528 3540 -3652 -19036 10312
32
EXP 15
-22256 2252 -1148 3464 160 -6872 11400 -3356 -1948 -5540 9644 -7712 -19684 24472 -3872 464 -8012 20420 16564 68 -21604 -26408 572 -4216 -2732 -5000 7364 13184 -17172 6776 8512 -17656
