64
EXP 11
-8406 2879 1050 -2553 3969 -8977 -1247 1223 -2215 -800 948 -1884 -3827 -676 -12842 -3736 1371 -1581 2762 -2912 -4648 3946 -2221 447 -3207 2037 1399 -2151 264 -4625 1430 17724 1815 1947 -2245 -7047 5633 1385 280 6517 -5477 1487 -2172 -2654 1762 4289 -2007 3088 2491 -6526 1956 964 289 -106 2129 -1856 -2395 7145 1372 1658 1426 -1145 -786 -3375
-13752
-12404
-13754
-13753
-13752
-13753
-13753
-13752
-13753
-13752
-13753
-13753
-11915
-1417
-13752
-13752
-13753
-13751
-13752
-13751
-13751
-13752
-13752
-13753
-13751
-13751
-13753
-13753
-13751
-13753
-13752
-13753
-13754
-13753
-13753
-13753
-13752
-13753
-12603
-13753
-13753
-13754
-13755
-13752
-13752
-13753
-13752
-13751
-13754
-13753
-13752
-13751
-13753
-13754
-13753
-13754
-13752
-13753
-13752
-13754
-13753
-13753
-13753
-13750
-10623
-13751
-13752
-13318
-13753
-13753
-13754
-13753
-13753
-13753
-13751
-13752
-13752
-13753
-13752
-13752
-13753
-13752
-13753
-13753
-13752
-13750
-13752
-13751
-13752
-13753
-13753
-13754
-13752
-13754
-13750
-13753
-13753
-13753
-11199
-13752
-13752
-13751
-13753
-13751
-13751
-13752
-13751
-13753
-13751
-13751
-13753
-13754
-13753
-13752
-13751
-13752
-13752
-13752
-13753
-13752
-13753
-13750
-13754
-13753
-13754
-13753
-13504
-13754
-13440
-13754
-13754
-7585
-13482
-13675
-13685
-13682
-13505
-13650
-13590
-13578
-12935
-13524
-10607
-13365
-13612
-13353
-13663
-13465
-13538
-13016
-13302
-13324
-12713
-13432
-13751
-13804
-13435
-13310
-13649
-13556
-13551
-13281
-13203
-12651
-12189
-13468
-13156
-13711
-13673
-13680
-13239
-12333
-13497
-13257
-13461
-13753
-12092
-13665
-13307
-13487
-13678
-13751
-12383
-9934
-13680
-13523
-13542
-13562
-13671
-13407
-13015
-13578
-13511
-13627
-12740
-13752
-13750
-7233
-8154
-13237
-13610
-13752
-13753
-13752
-13719
-13607
-13752
-13752
-13754
-13751
-13754
-13752
-13642
-13713
-13752
-13753
-13752
-13753
-13752
-13753
-13753
-13752
-13752
-13753
-13754
-13753
-13751
-13754
-13608
-5785
-13537
-13621
-13640
-13621
-13672
-13637
-13649
-13752
-13753
-13753
-13754
-13509
-12799
-13377
-13752
-13754
-13752
-13751
-13751
-13753
-13752
-13752
-13752
-13753
-13752
-13754
-13752
-13753
-13753
14186
3291
9219
13380
8941
-4080
3426
-9924
8695
12205
-1110
9875
-10616
8386
11832
10242
-1847
22586
-10975
12974
10255
13577
7200
10592
5574
6383
8027
5056
780
-8917
2683
-10048
852
-10035
3558
-1772
-12469
9115
15204
12565
-6942
12146
8779
7281
-2982
3093
9410
3679
9919
10224
-10133
-689
4302
4276
2431
5035
11800
-8183
4378
4621
9156
-4074
9626
8078
18004
9447
14026
131
-8473
20238
11251
-8906
8039
8818
-9134
5297
949
-3723
8017
-572
-4917
-12303
-10029
1171
9291
7129
-1753
-4941
4452
7029
9548
6085
-1705
9407
9227
-5016
-1281
-799
12478
7854
-733
4420
8880
-19682
1520
9108
8311
3148
1900
3706
798
15215
7536
-420
5589
8488
-1379
16778
6476
38664
1199
-8924
5050
13861
13151
2162
-912
7192
10534
5822
-5658
5989
735
8386
11768
3423
-3343
8526
6531
4538
8311
13847
10114
647
629
7149
-2903
-4882
-3242
6468
7451
13393
2394
-2137
15035
11073
6331
15887
7386
9272
10869
11337
4451
-1776
7371
-1672
960
1094
-12907
-4484
977
7927
5717
10145
-1377
4420
7978
-7812
2881
3424
1477
-10880
-2236
-5704
351
-1728
66
-482
8599
-2059
-5822
-825
-4927
-2700
-1676
5469
-3006
1302
-1334
8224
8223
-5120
3517
1142
3657
3388
9340
-11246
1114
-1969
1757
-974
5635
11003
-7898
990
-7745
-2397
-421
-4435
-3046
-1839
2089
4302
-7632
470
3991
122
-3668
-2797
-4171
-2801
-2628
2319
-7801
-5138
-4293
-1441
-6452
-7722
-6442
-9221
-8164
-13238
-13278
-10796
-11668
-13592
-13303
-11133
-11133
-13013
-10338
378
