64
EXP 10
231 -181 2454 -2489 2166 -3866 -1934 5801 -751 865 1802 101 2469 934 722 10450 1188 1358 982 -1106 -5448 1588 9332 1816 -6 -838 1200 1203 -4685 1222 9206 1512 631 440 712 -231 -1150 -818 3998 1264 984 134 2523 -7744 -2869 -7883 19690 3121 -333 -392 1555 3714 -1962 4074 -8517 -865 -19 -462 377 832 -1735 3771 -7231 -479
32
EXP 10
-326 961 1972 -4124 1293 -5553 13106 -1201 -1975 -931 2769 -4869 -4342 7256 -103 -17084 1145 474 2432 -7985 -9807 -655 -1223 -21261 -458 -3386 5852 2838 2449 5307 2495 18126
64
EXP 10
-203 212 3080 -1653 2281 -3800 -1951 5795 621 -962 1691 629 2440 1008 691 10452 -1368 -1177 1265 -766 -5493 1424 9326 1843 124 828 791 1504 -4719 1081 9201 1540 -687 -347 748 -10 -1125 -852 3994 1276 -994 6 4699 -6652 -2632 -7965 19680 3180 385 341 388 4008 -2084 4014 -8515 -890 84 455 114 906 -1848 3717 -7230 -501
32
EXP 10
188 -997 3103 -3357 1459 -5512 13109 -1162 2087 643 4085 -3833 -4558 7123 -52 -17084 -1201 -308 4683 -6910 -9783 -949 -1160 -21264 932 3288 4752 4441 2289 5378 2441 18133
