479
0 4096
-137 3963
-274 3831
-411 3707
-548 3584
-685 3467
-822 3352
-959 3242
-1096 3136
-1233 3032
-1370 2933
-1507 2836
-1644 2743
-1781 2652
-1918 2566
-2055 2480
-2192 2400
-2329 2320
-2466 2244
-2603 2170
-2740 2099
-2877 2030
-3014 1963
-3151 1899
-3288 1836
-3425 1776
-3562 1717
-3699 1661
-3836 1606
-3973 1554
-4110 1502
-4247 1453
-4384 1405
-4521 1359
-4658 1314
-4795 1271
-4932 1229
-5069 1189
-5206 1150
-5343 1112
-5480 1075
-5617 1040
-5754 1006
-5891 972
-6028 941
-6165 909
-6302 880
-6439 851
-6576 823
-6713 796
-6850 770
-6987 744
-7124 720
-7261 696
-7398 673
-7535 651
-7672 629
-7809 609
-7946 589
-8083 570
-8220 551
-8357 533
-8494 515
-8631 498
-8768 482
-8905 466
-9042 451
-9179 436
-9316 421
-9453 408
-9590 394
-9727 381
-9864 369
-10001 356
-10138 345
-10275 333
-10412 323
-10549 312
-10686 302
-10823 292
-10960 282
-11097 273
-11234 264
-11371 255
-11508 247
-11645 239
-11782 231
-11919 223
-12056 216
-12193 209
-12330 202
-12467 195
-12604 189
-12741 183
-12878 177
-13015 171
-13152 165
-13289 160
-13426 155
-13563 149
-13700 145
-13837 140
-13974 135
-14111 131
-14248 126
-14385 122
-14522 118
-14659 114
-14796 111
-14933 107
-15070 103
-15207 100
-15344 97
-15481 94
-15618 90
-15755 88
-15892 85
-16029 82
-16166 79
-16303 77
-16440 74
-16577 72
-16714 69
-16851 67
-16988 65
-17125 63
-17262 61
-17399 59
-17536 57
-17673 55
-17810 53
-17947 51
-18084 50
-18221 48
-18358 46
-18495 45
-18632 43
-18769 42
-18906 41
-19043 39
-19180 38
-19317 37
-19454 35
-19591 34
-19728 33
-19865 32
-20002 31
-20139 30
-20276 29
-20413 28
-20550 27
-20687 26
-20824 25
-20961 25
-21098 24
-21235 23
-21372 22
-21509 21
-21646 21
-21783 20
-21920 19
-22057 19
-22194 18
-22331 18
-22468 17
-22605 16
-22742 16
-22879 15
-23016 15
-23153 14
-23290 14
-23427 13
-23564 13
-23701 13
-23838 12
-23975 12
-24112 11
-24249 11
-24386 11
-24523 10
-24660 10
-24797 10
-24934 9
-25071 9
-25208 9
-25345 8
-25482 8
-25619 8
-25756 8
-25893 7
-26030 7
-26167 7
-26304 7
-26441 6
-26578 6
-26715 6
-26852 6
-26989 6
-27126 5
-27263 5
-27400 5
-27537 5
-27674 5
-27811 5
-27948 4
-28085 4
-28222 4
-28359 4
-28496 4
-28633 4
-28770 4
-28907 4
-29044 3
-29181 3
-29318 3
-29455 3
-29592 3
-29729 3
-29866 3
-30003 3
-30140 3
-30277 3
-30414 2
-30551 2
-30688 2
-30825 2
-30962 2
-31099 2
-31236 2
-31373 2
-31510 2
-31647 2
-31784 2
-31921 2
-32058 2
-32195 2
-32332 2
-32469 1
-32606 1
-32743 1
-32880 1
-33017 1
-33154 1
-33291 1
-33428 1
-33565 1
-33702 1
-33839 1
-33976 1
-34113 1
-34250 1
-34387 1
-34524 1
-34661 1
-34798 1
-34935 1
-35072 1
-35209 1
-35346 1
-35483 1
-35620 1
-35757 1
-35894 1
-36031 1
-36168 1
-36305 1
-36442 1
-36579 1
-36716 1
-36853 1
-36990 0
-37127 0
-37264 0
-37401 0
-37538 0
-37675 0
-37812 0
-37949 0
-38086 0
-38223 0
-38360 0
-38497 0
-38634 0
-38771 0
-38908 0
-39045 0
-39182 0
-39319 0
-39456 0
-39593 0
-39730 0
-39867 0
-40004 0
-40141 0
-40278 0
-40415 0
-40552 0
-40689 0
-40826 0
-40963 0
-41100 0
-41237 0
-41374 0
-41511 0
-41648 0
-41785 0
-41922 0
-42059 0
-42196 0
-42333 0
-42470 0
-42607 0
-42744 0
-42881 0
-43018 0
-43155 0
-43292 0
-43429 0
-43566 0
-43703 0
-43840 0
-43977 0
-44114 0
-44251 0
-44388 0
-44525 0
-44662 0
-44799 0
-44936 0
-45073 0
-45210 0
-45347 0
-45484 0
-45621 0
-45758 0
-45895 0
-46032 0
-46169 0
-46306 0
-46443 0
-46580 0
-46717 0
-46854 0
-46991 0
-47128 0
-47265 0
-47402 0
-47539 0
-47676 0
-47813 0
-47950 0
-48087 0
-48224 0
-48361 0
-48498 0
-48635 0
-48772 0
-48909 0
-49046 0
-49183 0
-49320 0
-49457 0
-49594 0
-49731 0
-49868 0
-50005 0
-50142 0
-50279 0
-50416 0
-50553 0
-50690 0
-50827 0
-50964 0
-51101 0
-51238 0
-51375 0
-51512 0
-51649 0
-51786 0
-51923 0
-52060 0
-52197 0
-52334 0
-52471 0
-52608 0
-52745 0
-52882 0
-53019 0
-53156 0
-53293 0
-53430 0
-53567 0
-53704 0
-53841 0
-53978 0
-54115 0
-54252 0
-54389 0
-54526 0
-54663 0
-54800 0
-54937 0
-55074 0
-55211 0
-55348 0
-55485 0
-55622 0
-55759 0
-55896 0
-56033 0
-56170 0
-56307 0
-56444 0
-56581 0
-56718 0
-56855 0
-56992 0
-57129 0
-57266 0
-57403 0
-57540 0
-57677 0
-57814 0
-57951 0
-58088 0
-58225 0
-58362 0
-58499 0
-58636 0
-58773 0
-58910 0
-59047 0
-59184 0
-59321 0
-59458 0
-59595 0
-59732 0
-59869 0
-60006 0
-60143 0
-60280 0
-60417 0
-60554 0
-60691 0
-60828 0
-60965 0
-61102 0
-61239 0
-61376 0
-61513 0
-61650 0
-61787 0
-61924 0
-62061 0
-62198 0
-62335 0
-62472 0
-62609 0
-62746 0
-62883 0
-63020 0
-63157 0
-63294 0
-63431 0
-63568 0
-63705 0
-63842 0
-63979 0
-64116 0
-64253 0
-64390 0
-64527 0
-64664 0
-64801 0
-64938 0
-65075 0
-65212 0
-65349 0
-65486 0
