1001
-65536 0
-65405 0
-65274 0
-65143 0
-65012 0
-64881 0
-64750 0
-64619 0
-64488 0
-64357 0
-64226 0
-64095 0
-63964 0
-63833 0
-63702 0
-63571 0
-63440 0
-63309 0
-63178 0
-63047 0
-62916 0
-62785 0
-62654 0
-62523 0
-62392 0
-62261 0
-62130 0
-61999 0
-61868 0
-61737 0
-61606 0
-61475 0
-61344 0
-61213 0
-61082 0
-60951 0
-60820 0
-60689 0
-60558 0
-60427 0
-60296 0
-60165 0
-60034 0
-59903 0
-59772 0
-59641 0
-59510 0
-59379 0
-59248 0
-59117 0
-58986 0
-58855 0
-58724 0
-58593 0
-58462 0
-58331 0
-58200 0
-58069 0
-57938 0
-57807 0
-57676 0
-57545 0
-57414 0
-57283 0
-57152 0
-57021 0
-56890 0
-56759 0
-56628 0
-56497 0
-56366 0
-56235 0
-56104 0
-55973 0
-55842 0
-55711 0
-55580 0
-55449 0
-55318 0
-55187 0
-55056 0
-54925 0
-54794 0
-54663 0
-54532 0
-54401 0
-54270 0
-54139 0
-54008 0
-53877 0
-53746 0
-53615 0
-53484 0
-53353 0
-53222 0
-53091 0
-52960 0
-52829 0
-52698 0
-52567 0
-52436 0
-52305 0
-52174 0
-52043 0
-51912 0
-51781 0
-51650 0
-51519 0
-51388 0
-51257 0
-51126 0
-50995 0
-50864 0
-50733 0
-50602 0
-50471 0
-50340 0
-50209 0
-50078 0
-49947 0
-49816 0
-49685 0
-49554 0
-49423 0
-49292 0
-49161 0
-49030 0
-48899 0
-48768 0
-48637 0
-48506 0
-48375 0
-48244 0
-48113 0
-47982 0
-47851 0
-47720 0
-47589 0
-47458 0
-47327 0
-47196 0
-47065 0
-46934 0
-46803 0
-46672 0
-46541 0
-46410 0
-46279 0
-46148 0
-46017 0
-45886 0
-45755 0
-45624 0
-45493 0
-45362 0
-45231 0
-45100 0
-44969 0
-44838 0
-44707 0
-44576 0
-44445 0
-44314 0
-44183 0
-44052 0
-43921 0
-43790 0
-43659 0
-43528 0
-43397 0
-43266 0
-43135 0
-43004 0
-42873 0
-42742 0
-42611 0
-42480 0
-42349 0
-42218 0
-42087 0
-41956 0
-41825 0
-41694 0
-41563 0
-41432 0
-41301 0
-41170 0
-41039 0
-40908 0
-40777 0
-40646 0
-40515 0
-40384 0
-40253 0
-40122 0
-39991 0
-39860 0
-39729 0
-39598 0
-39467 0
-39336 0
-39205 0
-39074 0
-38943 0
-38812 0
-38681 0
-38550 0
-38419 0
-38288 0
-38157 0
-38026 0
-37895 0
-37764 0
-37633 0
-37502 0
-37371 0
-37240 0
-37109 0
-36978 0
-36847 1
-36716 1
-36585 1
-36454 1
-36323 1
-36192 1
-36061 1
-35930 1
-35799 1
-35668 1
-35537 1
-35406 1
-35275 1
-35144 1
-35013 1
-34882 1
-34751 1
-34620 1
-34489 1
-34358 1
-34227 1
-34096 1
-33965 1
-33834 1
-33703 1
-33572 1
-33441 1
-33310 1
-33179 1
-33048 1
-32917 1
-32786 1
-32655 1
-32524 1
-32393 2
-32262 2
-32131 2
-32000 2
-31869 2
-31738 2
-31607 2
-31476 2
-31345 2
-31214 2
-31083 2
-30952 2
-30821 2
-30690 2
-30559 2
-30428 2
-30297 3
-30166 3
-30035 3
-29904 3
-29773 3
-29642 3
-29511 3
-29380 3
-29249 3
-29118 3
-28987 3
-28856 4
-28725 4
-28594 4
-28463 4
-28332 4
-28201 4
-28070 4
-27939 4
-27808 5
-27677 5
-27546 5
-27415 5
-27284 5
-27153 5
-27022 6
-26891 6
-26760 6
-26629 6
-26498 6
-26367 7
-26236 7
-26105 7
-25974 7
-25843 7
-25712 8
-25581 8
-25450 8
-25319 8
-25188 9
-25057 9
-24926 9
-24795 10
-24664 10
-24533 10
-24402 11
-24271 11
-24140 11
-24009 12
-23878 12
-23747 12
-23616 13
-23485 13
-23354 14
-23223 14
-23092 15
-22961 15
-22830 15
-22699 16
-22568 17
-22437 17
-22306 18
-22175 18
-22044 19
-21913 19
-21782 20
-21651 21
-21520 21
-21389 22
-21258 23
-21127 23
-20996 24
-20865 25
-20734 26
-20603 27
-20472 27
-20341 28
-20210 29
-20079 30
-19948 31
-19817 32
-19686 33
-19555 34
-19424 35
-19293 37
-19162 38
-19031 39
-18900 40
-18769 42
-18638 43
-18507 44
-18376 46
-18245 47
-18114 49
-17983 50
-17852 52
-17721 53
-17590 55
-17459 57
-17328 59
-17197 61
-17066 63
-16935 65
-16804 67
-16673 69
-16542 71
-16411 73
-16280 76
-16149 78
-16018 80
-15887 83
-15756 86
-15625 88
-15494 91
-15363 94
-15232 97
-15101 100
-14970 103
-14839 107
-14708 110
-14577 113
-14446 117
-14315 121
-14184 125
-14053 128
-13922 132
-13791 137
-13660 141
-13529 145
-13398 150
-13267 155
-13136 159
-13005 164
-12874 169
-12743 175
-12612 180
-12481 186
-12350 192
-12219 197
-12088 204
-11957 210
-11826 216
-11695 223
-11564 230
-11433 237
-11302 244
-11171 252
-11040 259
-10909 267
-10778 275
-10647 283
-10516 292
-10385 301
-10254 310
-10123 319
-9992 329
-9861 338
-9730 348
-9599 359
-9468 369
-9337 380
-9206 391
-9075 403
-8944 415
-8813 427
-8682 439
-8551 452
-8420 465
-8289 478
-8158 492
-8027 506
-7896 520
-7765 535
-7634 550
-7503 565
-7372 581
-7241 597
-7110 614
-6979 631
-6848 648
-6717 666
-6586 684
-6455 702
-6324 721
-6193 740
-6062 760
-5931 780
-5800 800
-5669 821
-5538 842
-5407 864
-5276 886
-5145 908
-5014 931
-4883 954
-4752 978
-4621 1002
-4490 1026
-4359 1051
-4228 1076
-4097 1101
-3966 1128
-3835 1154
-3704 1181
-3573 1207
-3442 1235
-3311 1263
-3180 1291
-3049 1319
-2918 1348
-2787 1377
-2656 1406
-2525 1436
-2394 1466
-2263 1496
-2132 1527
-2001 1558
-1870 1589
-1739 1620
-1608 1651
-1477 1683
-1346 1715
-1215 1747
-1084 1779
-953 1811
-822 1843
-691 1876
-560 1908
-429 1941
-298 1974
-167 2006
-36 2039
95 2072
226 2104
357 2137
488 2170
619 2202
750 2235
881 2267
1012 2300
1143 2332
1274 2364
1405 2396
1536 2428
1667 2459
1798 2490
1929 2521
2060 2552
2191 2583
2322 2613
2453 2643
2584 2673
2715 2703
2846 2732
2977 2761
3108 2790
3239 2818
3370 2846
3501 2873
3632 2901
3763 2928
3894 2954
4025 2980
4156 3006
4287 3031
4418 3056
4549 3081
4680 3105
4811 3129
4942 3152
5073 3176
5204 3198
5335 3220
5466 3242
5597 3264
5728 3285
5859 3305
5990 3325
6121 3345
6252 3365
6383 3384
6514 3402
6645 3421
6776 3438
6907 3456
7038 3473
7169 3490
7300 3506
7431 3522
7562 3537
7693 3553
7824 3568
7955 3582
8086 3596
8217 3610
8348 3624
8479 3637
8610 3650
8741 3662
8872 3675
9003 3687
9134 3698
9265 3710
9396 3721
9527 3731
9658 3742
9789 3752
9920 3762
10051 3772
10182 3781
10313 3790
10444 3799
10575 3808
10706 3816
10837 3825
10968 3833
11099 3840
11230 3848
11361 3855
11492 3862
11623 3869
11754 3876
11885 3883
12016 3889
12147 3895
12278 3901
12409 3907
12540 3913
12671 3918
12802 3924
12933 3929
13064 3934
13195 3939
13326 3944
13457 3948
13588 3953
13719 3957
13850 3961
13981 3965
14112 3969
14243 3973
14374 3977
14505 3981
14636 3984
14767 3988
14898 3991
15029 3994
15160 3997
15291 4000
15422 4003
15553 4006
15684 4009
15815 4012
15946 4014
16077 4017
16208 4019
16339 4022
16470 4024
16601 4026
16732 4028
16863 4030
16994 4032
17125 4034
17256 4036
17387 4038
17518 4040
17649 4042
17780 4043
17911 4045
18042 4047
18173 4048
18304 4050
18435 4051
18566 4052
18697 4054
18828 4055
18959 4056
19090 4058
19221 4059
19352 4060
19483 4061
19614 4062
19745 4063
19876 4064
20007 4065
20138 4066
20269 4067
20400 4068
20531 4069
20662 4070
20793 4071
20924 4071
21055 4072
21186 4073
21317 4074
21448 4074
21579 4075
21710 4076
21841 4076
21972 4077
22103 4078
22234 4078
22365 4079
22496 4079
22627 4080
22758 4080
22889 4081
23020 4081
23151 4082
23282 4082
23413 4083
23544 4083
23675 4083
23806 4084
23937 4084
24068 4085
24199 4085
24330 4085
24461 4086
24592 4086
24723 4086
24854 4087
24985 4087
25116 4087
25247 4087
25378 4088
25509 4088
25640 4088
25771 4088
25902 4089
26033 4089
26164 4089
26295 4089
26426 4090
26557 4090
26688 4090
26819 4090
26950 4090
27081 4090
27212 4091
27343 4091
27474 4091
27605 4091
27736 4091
27867 4091
27998 4092
28129 4092
28260 4092
28391 4092
28522 4092
28653 4092
28784 4092
28915 4092
29046 4093
29177 4093
29308 4093
29439 4093
29570 4093
29701 4093
29832 4093
29963 4093
30094 4093
30225 4093
30356 4094
30487 4094
30618 4094
30749 4094
30880 4094
31011 4094
31142 4094
31273 4094
31404 4094
31535 4094
31666 4094
31797 4094
31928 4094
32059 4094
32190 4094
32321 4094
32452 4095
32583 4095
32714 4095
32845 4095
32976 4095
33107 4095
33238 4095
33369 4095
33500 4095
33631 4095
33762 4095
33893 4095
34024 4095
34155 4095
34286 4095
34417 4095
34548 4095
34679 4095
34810 4095
34941 4095
35072 4095
35203 4095
35334 4095
35465 4095
35596 4095
35727 4095
35858 4095
35989 4095
36120 4095
36251 4095
36382 4095
36513 4095
36644 4095
36775 4095
36906 4095
37037 4096
37168 4096
37299 4096
37430 4096
37561 4096
37692 4096
37823 4096
37954 4096
38085 4096
38216 4096
38347 4096
38478 4096
38609 4096
38740 4096
38871 4096
39002 4096
39133 4096
39264 4096
39395 4096
39526 4096
39657 4096
39788 4096
39919 4096
40050 4096
40181 4096
40312 4096
40443 4096
40574 4096
40705 4096
40836 4096
40967 4096
41098 4096
41229 4096
41360 4096
41491 4096
41622 4096
41753 4096
41884 4096
42015 4096
42146 4096
42277 4096
42408 4096
42539 4096
42670 4096
42801 4096
42932 4096
43063 4096
43194 4096
43325 4096
43456 4096
43587 4096
43718 4096
43849 4096
43980 4096
44111 4096
44242 4096
44373 4096
44504 4096
44635 4096
44766 4096
44897 4096
45028 4096
45159 4096
45290 4096
45421 4096
45552 4096
45683 4096
45814 4096
45945 4096
46076 4096
46207 4096
46338 4096
46469 4096
46600 4096
46731 4096
46862 4096
46993 4096
47124 4096
47255 4096
47386 4096
47517 4096
47648 4096
47779 4096
47910 4096
48041 4096
48172 4096
48303 4096
48434 4096
48565 4096
48696 4096
48827 4096
48958 4096
49089 4096
49220 4096
49351 4096
49482 4096
49613 4096
49744 4096
49875 4096
50006 4096
50137 4096
50268 4096
50399 4096
50530 4096
50661 4096
50792 4096
50923 4096
51054 4096
51185 4096
51316 4096
51447 4096
51578 4096
51709 4096
51840 4096
51971 4096
52102 4096
52233 4096
52364 4096
52495 4096
52626 4096
52757 4096
52888 4096
53019 4096
53150 4096
53281 4096
53412 4096
53543 4096
53674 4096
53805 4096
53936 4096
54067 4096
54198 4096
54329 4096
54460 4096
54591 4096
54722 4096
54853 4096
54984 4096
55115 4096
55246 4096
55377 4096
55508 4096
55639 4096
55770 4096
55901 4096
56032 4096
56163 4096
56294 4096
56425 4096
56556 4096
56687 4096
56818 4096
56949 4096
57080 4096
57211 4096
57342 4096
57473 4096
57604 4096
57735 4096
57866 4096
57997 4096
58128 4096
58259 4096
58390 4096
58521 4096
58652 4096
58783 4096
58914 4096
59045 4096
59176 4096
59307 4096
59438 4096
59569 4096
59700 4096
59831 4096
59962 4096
60093 4096
60224 4096
60355 4096
60486 4096
60617 4096
60748 4096
60879 4096
61010 4096
61141 4096
61272 4096
61403 4096
61534 4096
61665 4096
61796 4096
61927 4096
62058 4096
62189 4096
62320 4096
62451 4096
62582 4096
62713 4096
62844 4096
62975 4096
63106 4096
63237 4096
63368 4096
63499 4096
63630 4096
63761 4096
63892 4096
64023 4096
64154 4096
64285 4096
64416 4096
64547 4096
64678 4096
64809 4096
64940 4096
65071 4096
65202 4096
65333 4096
65464 4096
