64 64
-4128 -11352 15996 -7740 -7224 -1032 -8772 9804 3612 3870 -9546 -4902 3612 -9546 1806 -14964 -7482 19609 -5934 -17287 0 -1806 -6966 2580 -516 -774 6966 7224 -3870 6450 19609 -7482 -258 32767 8514 4644 8256 -11610 0 -7740 5418 3612 5676 3870 -13158 -10320 8256 11610 -6450 2322 -5418 -6450 5676 -6708 2838 -4128 -7482 -9288 -27349 5160 -4902 10836 -14706 1032 
18 33 -4 8 11 -16 15 -4 -93 -121 -11 5 50 51 -63 12 -36 -98 -8 -53 -39 42 -4 48 5 6 -80 -124 -20 -22 29 -57 33 50 -76 -126 -27 -15 -53 -27 -89 127 -34 -9 58 50 77 28 -2 12 -1 18 46 -62 99 -102 -36 5 65 -65 -47 31 -5 -41 -3269665
51 29 -14 -32 17 -2 11 -8 -26 -42 38 53 14 32 33 -4 -15 -67 -11 -32 -11 -38 -8 40 -65 17 42 -8 -18 4 -26 -32 -36 11 -58 -3 -53 -38 -15 -31 37 127 -16 12 -6 -10 22 7 -38 9 11 21 -15 -10 27 -54 -14 -26 -2 9 -8 5 -11 -44 73482
16 23 -81 -4 58 -4 -44 66 -12 4 -5 -79 117 37 -67 -30 123 -21 96 -19 -47 38 -21 -21 0 42 35 -48 28 -72 41 -52 -16 48 -51 -115 15 -89 -27 -38 -14 -31 105 127 -33 37 -93 -60 65 54 -85 -62 -5 -24 9 -42 30 32 -94 -103 -34 42 -90 -13 4660951
15 46 20 7 -71 14 67 -100 20 22 -14 95 -46 -49 11 23 -58 -32 -52 36 31 -94 5 -16 -39 -101 24 85 -43 22 17 20 -61 -16 2 57 -26 25 3 37 -61 30 -57 -27 19 -15 -31 71 -127 69 -14 21 -4 53 41 26 -47 22 8 29 -58 3 9 -20 -1030011
-29 1 -54 -19 13 -14 -54 24 -53 -14 -10 -43 88 -19 -89 -28 32 -89 71 -26 -41 73 26 -52 15 12 -10 -53 -12 -89 62 -3 -19 30 -68 -56 -23 -75 -70 -10 1 -69 69 105 -25 96 -47 -36 49 -13 -65 -85 -3 15 31 26 0 39 -127 -35 -49 29 -84 5 3812880
-24 40 -43 40 -10 35 31 -20 78 58 -34 -10 -23 -43 51 35 -77 -38 -5 33 14 -35 -20 -59 34 -5 -58 -16 -28 16 25 -127 16 -18 -61 -55 4 32 13 46 -35 26 -48 -51 39 -55 14 25 35 -16 50 1 10 17 -6 21 -57 6 43 65 -25 0 16 71 -3928673
-35 37 -24 13 -38 23 27 -34 63 17 -36 74 -7 -35 26 48 -59 -127 -12 12 46 -36 -14 -88 37 -55 -32 -1 -33 -18 10 -98 16 -2 -94 -80 17 35 22 46 -14 -11 -36 -40 31 -22 15 35 0 7 11 -8 13 3 45 95 -72 13 -1 91 -49 5 -14 80 -3376834
-16 23 -27 -26 29 8 -72 56 -63 -92 9 -18 104 30 -100 -23 83 -93 81 -60 -51 64 52 -64 -22 -9 -43 -72 17 -93 25 13 -14 72 -97 -47 5 -83 -23 -15 5 -61 68 127 -29 103 -12 -36 105 29 -89 -52 -3 -24 60 51 22 13 -107 -58 12 67 -109 -14 3438021
7 103 86 64 -16 9 -16 -36 -21 39 2 -10 -6 38 2 -1 -87 61 3 -4 -23 33 -12 23 3 36 -94 45 -59 -10 25 -103 -11 -26 -22 0 27 27 31 -9 -56 127 -22 3 -12 -13 72 -16 -110 21 21 -16 38 -23 -27 115 -1 29 -23 -20 63 -94 -9 -67 1613877
-80 -61 -79 -12 -37 -39 -23 4 -53 -37 57 -10 35 -69 -2 -61 -15 56 19 48 13 -35 78 29 47 -67 96 -48 -51 -51 -62 10 -30 -6 14 65 -95 -22 -17 -20 32 -16 -31 2 -55 4 96 -47 127 -20 -42 23 -69 2 103 75 60 -21 92 58 -75 48 -28 -28 -1619102
-20 -51 -7 -61 71 -92 -17 12 4 8 -32 42 -47 -18 -1 -78 -72 61 57 48 -68 -123 14 -38 -44 -96 100 -68 109 -12 -9 46 -66 -42 -125 -37 -11 13 -112 -20 19 -56 -11 -4 37 60 24 -7 127 14 -20 38 -22 -55 105 -48 42 -52 -33 1 -38 91 10 7 135961
-18 47 -23 -43 50 53 15 23 101 32 81 -20 -6 -1 27 63 19 -49 -8 -74 36 127 -9 -6 26 42 -2 74 -47 17 -16 -33 43 46 -13 -18 22 -3 114 -4 -19 48 -26 42 -28 -3 -87 20 -56 7 6 -32 -5 13 -23 -24 15 60 -35 22 -26 -91 -4 93 547050
3 -13 -85 -44 108 -43 -1 22 -2 8 -11 26 -14 -75 24 -24 -55 -30 76 -2 -24 66 18 -46 20 -118 30 -57 44 7 27 116 -28 -61 -118 -11 -63 57 -108 -1 -9 -87 -23 -18 -1 80 -80 -16 73 -23 2 -31 13 4 127 1 45 13 -24 11 -99 53 -1 -30 -6944108
64 39 -57 -39 26 46 24 7 -12 104 54 52 -2 -29 27 38 -18 12 -13 -5 -11 127 -59 33 17 -17 33 15 -25 56 -31 84 29 -10 55 -4 51 75 85 35 14 -53 91 10 30 -8 73 46 -91 53 41 2 -19 -21 -73 86 -46 56 -16 -28 13 -37 23 117 -1952036
45 11 -37 -58 44 40 34 25 29 79 51 57 -30 -47 20 27 -2 27 -2 -22 6 127 -48 2 22 -30 60 9 5 64 -15 38 42 14 73 -15 55 73 104 -2 -6 0 26 17 15 -11 -19 32 -91 81 35 13 0 -39 -35 0 -12 52 -18 9 0 -20 27 82 1321026
8 -2 -2 -76 127 -46 4 41 -7 -3 72 67 -37 -46 -28 -72 -37 16 75 -71 0 69 12 33 -20 -34 109 -46 110 42 69 42 -16 53 -57 111 -5 39 80 -36 -7 -32 -5 4 -8 56 0 -30 12 42 52 -25 -12 -71 95 -45 61 -17 -13 -84 -52 68 20 -24 4547730
-11 -4 -54 19 8 -4 39 -39 61 86 -33 14 8 -14 -37 -10 27 42 -28 -9 35 25 -23 47 -2 53 52 100 -32 51 9 127 51 -49 -54 22 6 4 3 -46 5 -65 -70 -41 34 31 -65 31 8 -70 -24 29 66 -68 1 -12 17 17 14 37 47 -15 -5 26 -2232477
109 54 52 -4 79 44 -19 9 8 30 -19 -31 -3 34 17 32 125 -49 48 32 19 91 47 -29 -32 28 -24 -9 78 -21 12 -59 86 40 42 -35 -56 44 83 6 23 18 23 -5 14 9 44 -8 0 10 -43 -23 -127 29 22 -10 -2 -21 16 8 -74 40 -18 -87 -3029481
3 -21 -14 -33 21 22 -74 42 16 -19 -2 -105 65 1 -59 17 47 -89 79 -11 -127 37 31 -67 15 27 -53 -68 -3 -97 42 -25 -99 55 1 -81 55 -45 -23 -36 51 -58 94 112 -63 50 -7 -76 -55 113 -23 -49 30 -11 2 -47 20 -14 -103 -70 -104 50 -68 0 7313906
25 4 80 14 -49 14 42 -51 -9 45 -21 -2 -56 -11 60 4 -18 47 -47 -21 78 -98 -19 14 8 -66 59 68 14 35 -1 127 15 -35 -54 -4 -26 51 -30 78 2 35 1 -53 61 -39 -63 46 29 -27 -27 32 -68 20 30 79 10 -4 51 8 38 12 13 -24 -3230695
-24 69 -48 62 -39 20 74 -57 -27 49 -14 24 -46 -59 7 6 2 127 -68 53 115 -55 -72 76 -11 -18 63 27 -104 62 -42 37 43 -91 8 53 -14 64 -62 76 -43 -12 -41 -114 87 -12 -25 113 21 -115 44 99 20 48 -63 3 -43 24 70 94 60 -25 113 35 -9527037
-27 19 -7 -11 3 -43 -36 -16 -23 -56 14 -38 38 41 -17 -20 -29 29 4 -48 -26 8 47 17 -38 59 -34 -2 1 -22 15 -52 -27 39 6 20 -23 -57 45 -17 58 127 69 56 -17 27 16 -42 28 40 -55 -43 -14 -16 3 -47 30 -30 -72 -41 57 5 -60 -40 7520387
45 -1 47 -3 36 9 -57 60 -16 -29 1 -12 60 52 -46 -2 63 -57 71 -29 -121 58 34 -114 40 69 -77 -70 51 -76 24 28 -42 56 -36 -46 18 -57 5 -15 -15 -42 34 112 -68 48 -1 -76 -30 127 -15 -62 -67 -10 37 18 70 3 -40 -38 16 48 -69 10 1933028
-71 21 -27 -35 33 -50 -82 36 -39 -83 15 -63 81 37 -62 -32 -6 -46 50 -58 -88 61 59 -12 -32 86 -91 -63 10 -79 53 -127 -68 91 -6 18 -16 -78 26 -67 19 67 71 100 -78 52 -4 -77 -22 83 -64 -65 17 -55 26 -52 39 -31 -106 -68 1 26 -100 -25 11529766
27 -85 22 19 -21 -29 -37 -33 43 26 41 -86 -58 -52 -7 12 9 43 8 39 19 56 -41 18 -31 24 4 14 -3 12 -51 19 4 -18 -31 -54 -23 20 77 -74 49 67 15 3 53 11 111 -45 127 -70 49 34 -72 -40 -5 -2 -43 50 5 -40 96 -8 27 113 -2723776
-2 -26 -30 3 -18 45 3 19 -44 61 -4 1 15 39 0 1 -41 -47 3 42 -16 16 43 -47 10 -30 49 -7 -11 -5 19 -101 -37 29 33 25 2 -3 23 34 6 -12 20 -3 -26 54 -127 1 97 -4 -94 16 74 -16 -30 33 13 -56 -14 58 44 16 17 7 341307
26 68 -37 -30 36 29 3 29 -87 -30 17 13 43 56 -28 3 -22 -73 13 -38 -30 37 36 -23 -6 -12 1 -36 6 -50 -17 47 -36 12 -21 -23 -4 -86 -21 85 -51 25 29 44 -57 -8 -33 6 47 3 -57 -23 87 -26 40 19 36 -43 50 -54 -127 4 -53 -66 -2808936
26 -75 23 -51 22 -45 33 -49 61 37 -16 -57 -17 15 107 -26 83 85 -5 36 39 9 -19 47 39 6 -32 91 3 16 -44 -26 71 31 63 22 -42 12 79 -58 0 -8 -59 27 106 -10 -60 -11 54 -32 -7 38 -127 -46 -16 -45 -27 60 -38 40 15 -9 26 71 1254728
20 -15 23 14 -23 4 15 -38 75 58 56 0 -59 -91 11 58 -8 33 -26 52 50 5 -59 -8 18 -19 -9 52 -17 65 -30 55 17 -77 44 4 17 100 17 3 58 -18 -23 -78 95 -36 70 11 -44 46 127 26 -43 45 -42 -40 -26 26 -73 38 94 -5 72 89 -3914945
-9 -54 -4 -25 -49 -6 -26 29 -58 -63 -90 38 41 127 -13 -72 80 60 13 -27 -32 -59 83 -48 -42 52 13 -51 78 -65 8 49 -14 9 -12 88 45 -114 48 -71 -66 0 21 -16 -63 30 -103 -42 -112 78 -121 -11 -49 15 0 86 49 -54 -6 -46 -49 -77 13 -52 2855912
20 15 41 9 50 22 -40 55 -78 -38 -26 11 55 93 -4 -41 -38 -41 32 -75 -65 16 96 20 8 -37 2 -43 -21 -61 30 -75 -42 74 -48 -58 -26 -127 -43 27 -85 24 37 107 -100 23 -11 -19 38 -51 -105 -41 87 -66 62 18 58 -17 100 -89 -72 -3 -106 -55 4714214
-16 -11 18 -28 -3 -22 -46 66 -119 -49 -22 41 67 74 -86 -45 13 -28 32 -59 -64 -45 104 -51 -73 3 17 -41 72 -72 50 -12 -52 20 -35 14 45 -117 -6 -18 -56 -44 40 15 -105 38 -57 -34 -96 56 -127 -50 37 -28 40 23 49 -66 17 -45 -104 -34 -55 -105 5646672
-7 54 6 32 32 37 -17 41 -42 -98 9 -67 33 45 -24 -18 75 -70 3 13 -46 16 56 -48 -3 0 47 2 -36 -28 24 -77 -49 41 -66 -48 -3 -72 -65 -57 127 18 60 44 -59 25 -77 -42 3 66 -80 -56 -65 -58 11 -81 -2 -4 -16 -39 -40 -8 -34 32 2530462
-81 -10 75 2 -10 16 34 -29 15 6 -17 19 -30 -46 57 -26 0 -60 -77 -5 34 15 33 -13 -35 -3 70 -21 -30 1 37 118 -5 43 -42 31 4 -33 -69 62 116 0 14 -36 -80 27 36 -6 -127 -96 -18 41 -32 -24 33 6 9 -17 14 -14 -57 -30 14 10 4047257
44 -52 -30 13 27 -9 -67 43 -22 -62 3 -57 59 101 -90 -28 119 -39 24 -1 -93 67 43 -32 16 62 -64 -53 -7 -107 -2 -57 -43 47 -11 -34 53 -32 -79 -25 -43 39 127 62 -66 14 31 -67 -41 19 -54 -74 -15 2 -37 -6 34 -18 -30 -46 48 43 -54 -6 2431429
12 13 61 -8 -7 0 65 -24 34 127 18 25 -48 -53 52 17 -81 34 -24 -9 63 -17 -32 -4 0 -32 1 6 3 85 14 17 65 -29 17 -24 -38 78 0 30 59 38 -105 -39 75 -13 -33 89 45 -8 35 40 12 1 7 6 -24 10 -8 -16 3 -43 -7 -21 -492744
88 -49 -8 -52 -31 13 9 -25 -4 -13 -13 -54 -44 -74 52 9 -19 25 -56 6 45 -19 -78 -53 -6 -48 59 43 -32 39 -7 -27 16 -33 22 -27 14 94 40 -7 62 -50 -48 18 11 -57 -16 13 31 -61 10 11 -46 31 -42 -8 -14 38 -22 -48 -127 5 51 93 1264975
-60 -4 4 -4 -16 30 51 -56 55 51 -20 37 -36 -77 113 -8 -77 83 -15 39 97 -54 -37 53 -51 -9 42 29 -38 85 -4 70 30 -43 -27 35 -40 -2 127 6 -11 -52 -77 -67 64 -10 5 79 95 -14 81 115 16 -10 6 7 -11 14 40 110 -23 -55 81 -21 -2962141
1 4 -2 -32 51 -20 -71 49 -21 -87 40 -70 66 86 -127 -3 64 -59 34 -8 -101 30 69 -23 28 37 -41 -54 -23 -74 18 -64 -24 37 -17 -35 70 -34 -50 -47 4 1 63 52 -79 -12 -19 -75 -16 37 -88 -87 -14 10 -17 21 16 -49 -33 -54 36 43 -72 18 3373903
-121 12 -16 54 16 -7 -31 43 -42 -34 -19 7 57 76 -15 -33 46 -28 57 -12 -56 10 77 50 -18 48 -14 -32 24 -64 7 8 -32 35 -4 40 6 -127 -16 -6 -99 -4 71 11 -25 54 40 -34 -63 42 10 5 37 -55 33 7 32 10 49 59 25 2 3 -27 -149405
-28 33 49 -50 12 -18 -43 -13 44 -7 22 35 -20 -8 -45 20 -6 22 44 -77 -25 8 40 -29 20 -19 -26 -87 3 10 74 -39 -16 -2 47 -105 70 5 34 -13 -51 16 20 32 -23 17 -61 -55 69 50 -56 -54 -9 -11 42 -44 34 1 1 52 -64 127 -65 17 5398562
19 -26 77 23 32 9 29 5 25 50 -76 56 -26 -82 0 -4 -59 -39 21 -60 -8 -34 2 58 35 -84 -5 -111 -4 16 -6 50 33 49 41 -45 -21 12 35 102 -127 -43 -2 24 51 -46 -74 36 84 22 -20 48 21 -59 -41 9 8 2 -57 -45 89 -10 43 -13 1142803
11 61 11 -68 55 -27 -52 44 25 39 65 -4 64 -49 -27 -22 -8 47 65 -19 -58 20 23 8 12 5 -92 -100 2 -8 59 -91 -17 -4 1 -69 38 -28 20 -39 20 7 68 22 -18 -32 0 -43 -3 -1 -10 -12 -27 9 8 -16 48 4 -19 5 -6 127 -57 25 5872994
114 53 -62 100 -10 33 55 -13 69 -4 -127 -1 -31 -61 56 101 -62 -51 -81 94 32 -64 -88 -60 28 -3 -15 -7 -82 46 -70 -13 -36 -37 115 7 -31 61 -43 52 49 49 -68 -11 55 -75 38 65 7 -6 67 33 57 88 -53 26 -61 57 33 108 -13 -19 81 15 -8154891
39 40 -127 91 -41 92 40 -28 77 -8 -17 13 -30 -20 12 43 8 -57 -14 29 111 53 -29 -21 -5 0 12 115 -1 64 -53 81 -77 16 -50 99 85 39 10 35 -25 -75 -10 -1 24 -41 -50 -5 92 -46 -1 18 38 -31 36 -40 -52 76 15 95 44 -77 40 88 -8002524
80 8 -21 95 -22 67 66 -87 -8 1 17 -53 -50 -34 69 86 -44 19 -120 117 58 -22 -64 -34 -4 17 19 35 9 80 -123 -3 -2 -99 31 65 -2 8 30 69 -18 48 -127 -56 56 -7 52 53 -69 59 35 59 25 77 -94 -46 -59 10 23 -37 78 -127 55 -21 -12828103
-15 32 14 -71 30 -89 -79 62 -35 5 1 18 57 -6 -96 -102 51 36 127 -120 -103 3 92 57 -21 23 -12 -79 2 -76 113 1 -12 68 -44 -90 -2 -38 6 -91 27 -31 117 56 -65 54 -9 -71 2 -37 -22 -59 -74 -45 74 -20 88 -65 -4 20 -101 127 -104 30 12301523
-76 -66 90 -93 30 -42 -42 3 -76 9 117 -28 17 69 -8 -56 6 30 42 -54 -61 4 57 33 -14 -15 -38 -50 71 -31 54 -67 54 17 -36 -43 -38 -34 42 -32 -16 24 8 -11 -29 38 -8 -31 -56 52 -22 1 -29 -48 9 -10 49 -44 -20 -127 20 47 -66 -76 5828653
-97 -13 61 59 -20 -14 89 -52 -6 7 11 42 11 -63 85 -39 -40 99 -69 9 56 -66 -71 47 -58 -93 86 97 -9 53 25 48 127 -2 -32 76 -7 -22 -101 51 67 -32 -101 -64 4 -48 -72 82 -47 -92 -43 96 -109 1 -38 84 -18 18 49 68 -91 -32 30 -20 3398182
35 15 85 44 -43 -26 61 -65 -1 42 -45 53 3 12 -16 -22 -19 127 -33 61 62 -45 -15 51 -25 -20 10 54 -46 49 -51 84 72 -40 -22 65 20 68 -6 -25 37 -80 -18 -12 44 -33 -30 38 -39 -21 -4 45 -17 -20 -14 -28 5 -47 13 89 63 -20 20 -13 -370526
70 -15 -78 -23 -16 -41 -24 32 -85 -28 90 -45 42 44 -27 -19 104 -32 16 2 -63 127 66 0 -8 82 9 -3 -18 -68 -24 0 -44 50 38 -14 43 -83 -52 -103 -9 19 98 3 -29 48 43 -58 35 69 -5 -31 32 13 32 -60 6 -35 -41 -15 -1 3 -41 -32 2030493
19 14 1 -25 19 -22 -42 27 4 -9 50 4 61 23 -5 -14 41 -24 38 -11 -84 39 28 -27 13 127 -58 0 50 -35 9 -44 -5 47 2 -33 51 -43 60 -38 -38 25 25 39 -16 -1 11 -55 -36 67 -9 -62 -38 50 -39 -23 16 -15 -70 -44 32 2 -35 15 3445703
-46 23 41 86 7 -32 95 -39 12 91 -77 83 -82 -22 52 -9 -83 114 -52 49 94 -43 -98 24 25 -126 -23 -56 -25 127 -19 111 80 -71 -90 -31 -93 80 52 60 18 13 -68 -26 89 -82 -32 94 -15 -79 45 89 25 -16 -16 -28 -31 -13 83 21 11 -18 35 -20 -6511770
-20 -10 26 6 40 -9 -127 62 -15 -25 24 -12 48 79 -39 -37 54 -48 47 -52 -118 64 59 -57 7 109 -127 -73 112 -62 66 -94 -7 84 -31 -35 113 -55 81 -48 -79 -19 20 86 -78 6 52 -118 -24 88 -69 -78 -75 42 -34 -42 22 -26 -70 -90 16 57 -72 2 7831040
1 6 20 13 -5 5 74 -39 26 33 -47 22 -64 -57 35 12 -61 52 -45 40 97 -83 -67 70 -10 -127 74 30 -70 70 -20 59 13 -75 -20 21 -78 73 -35 49 46 0 -26 -51 61 -16 -50 94 8 -64 48 74 34 -22 11 28 -22 7 49 25 -24 -21 49 -18 -4622202
25 5 44 5 -26 119 41 -116 72 -64 -50 1 -7 -37 16 45 -51 20 -47 45 109 -97 -23 2 -55 -57 107 121 7 39 -43 61 57 -64 39 56 -16 61 -127 108 55 -49 -93 -64 35 -56 -81 74 -23 -61 31 63 -47 -29 -45 101 21 46 61 83 -34 -39 61 42 -7187557
10 127 -1 -33 22 26 -11 -41 7 -77 41 109 -18 -4 73 0 -19 4 -6 -9 -8 -88 -57 30 12 21 8 -14 -100 14 49 3 -15 35 -19 -40 24 0 12 -45 36 46 -24 -35 29 0 56 2 27 -17 53 49 -101 60 -7 15 -38 -35 43 45 10 68 19 52 -638754
-37 -80 -1 -52 -16 -30 -19 -1 -28 43 -11 -46 -70 -21 -9 -26 108 28 -28 72 16 7 -50 30 -21 -14 -42 63 43 47 -39 -27 30 -9 27 14 -64 29 51 45 -127 19 -60 2 31 32 -31 -11 -46 -3 -2 -58 -52 44 -39 44 -35 91 11 -15 -1 8 34 46 -3524899
-69 -75 -46 7 14 -42 -70 30 -41 -6 -37 47 65 17 -71 -11 71 -2 22 40 -3 -17 68 -58 -1 45 -62 -7 32 -88 -25 127 -30 -11 -34 67 -29 -83 -15 33 -110 -31 -7 44 -43 13 15 -17 22 -30 -112 -45 40 -16 28 24 29 4 -54 -30 -81 -5 -8 2 -927534
-19 -30 -36 -48 60 -16 -44 48 42 6 -23 -36 21 -100 -58 24 -31 -61 5 6 -56 -4 28 -23 39 -28 -19 -56 -56 -47 11 28 1 -10 1 -5 37 -53 -78 44 36 -123 12 53 -40 45 30 -17 21 -18 -43 -53 42 -72 35 51 5 18 -29 -34 -127 -12 -36 27 2675939
-8 20 108 56 -24 21 12 -51 -23 100 17 -27 -73 -50 -3 9 5 3 29 12 21 -44 -61 -17 -35 -1 18 -12 -14 18 21 -72 -19 -39 12 -33 0 43 53 76 -44 -4 -122 -3 55 43 -11 8 127 -26 1 29 35 20 -16 -114 -54 63 -7 40 -59 -11 7 21 -2535902
-127 -13 12 -38 40 -37 -35 19 -31 26 -35 0 56 -31 -59 -17 -33 -46 33 -41 -58 21 29 -30 -40 53 -38 -39 16 -69 37 55 -22 53 26 46 -14 -74 -14 69 78 -73 53 45 -38 67 77 -46 55 3 -50 -57 73 -18 10 81 23 -54 -29 -57 37 -8 -57 14 6013836
45 17 -5 54 -55 20 38 -84 -17 28 45 -44 -65 20 19 12 -4 32 -15 32 58 -106 -69 19 -46 -72 51 43 18 90 -22 -114 -28 -54 51 -25 24 78 44 31 -12 69 -127 -36 96 -56 -36 20 55 4 41 61 -69 66 -39 -126 -37 48 -15 83 -48 10 30 -16 -4450819
61 -36 -107 -5 -4 8 38 -8 52 -106 64 18 -32 90 38 5 -49 -31 -57 17 31 -11 -66 39 34 -4 49 16 -45 53 -46 10 0 28 34 -66 -13 62 -75 -77 90 34 89 -49 -17 -66 -76 20 -73 30 101 3 -127 21 -4 98 -13 -48 54 40 95 -19 26 28 -4395924
