exp 8
-171
676
-31
-109
485
-40
13
-597
-148
-32
-69
68
-166
-123
-2190
311
168
93
-249
-623
76
75
705
62
-17
-22
37
357
358
96
8
-115
219
62
49
120
-230
322
241
48
155
24
-114
92
-81
74
104
31
-43
-162
-31
68
128
38
373
-81
2793
46
-694
36
13
90
-1
-26
91
99
80
-137
315
-15
-141
-52
-93
-64
-28
-96
-10
-90
70
-5
40
-29
-94
213
-146
-118
166
-45
19
-122
266
201
79
128
-15
-89
-34
149
-20
-209
144
90
-148
-114
-42
8
8
-34
-80
-26
-34
91
-6
-53
-51
-180
-24
42
123
101
18
81
18
283
-182
244
15
63
-73
-126
-98
-101
511
88
52
53
112
49
23
-22
75
-23
233
-818
-7
-50
-100
-73
433
59
65
65
-75
1203
166
-733
50
-6
-8
-76
4
-259
-47
32
130
52
-119
-73
3
127
8
-78
10
-135
-69
445
130
-91
-19
74
46
3
-38
-169
23
-73
-61
15
110
24
-50
318
18
355
-5
-9
26
-93
-2
-157
-122
-78
20
7
-42
-64
32
3235
169
8
-113
167
-171
-153
-98
9
67
-68
-64
30
1732
60
129
-118
33
-235
-4
-68
98
-228
101
35
-125
-64
91
28
-248
-40
-475
-121
-96
7
30
179
-9
139
-62
-165
-17
-90
-174
111
-150
-1786
-4
88
29
-120
-29
-18
-178
11
-4
56
64
-31
36
63
160
-460
56
-246
-106
-40
109
178
195
98
-198
139
-316
-113
-460
104
66
-40
77
88
84
223
34
-27
49
-94
45
67
-315
64
-80
194
22
32
65
319
140
-404
158
-15
-81
-159
-2299
78
22
-333
-723
-77
80
-114
8
-6
201
26
111
38
16
76
79
42
41
36
21
-108
-44
-36
180
-70
0
-108
-18
-106
-445
84
135
-57
-126
159
-143
-79
-135
78
-22
105
54
117
-46
-355
-65
-28
-944
53
84
-101
291
105
-80
2
-80
22
48
-235
-48
13
-487
64
-122
88
140
159
59
5
-77
-59
53
1068
850
-65
-44
49
122
-482
53
-112
-4
-75
83
47
5
143
51
53
43
-54
-271
11
-63
-128
-30
-26
30
-185
48
-124
-131
-727
96
24
11
441
9
-111
3
29
-29
-684
73
7
322
-18
51
15
23
77
-26
-114
670
-33
-47
-165
108
-324
132
1085
60
-165
70
859
-111
-41
-61
40
175
72
-15
1986
-163
-12
35
8
-140
33
-260
-12
54
1390
-144
52
-15
1291
71
-79
-18
142
-41
-84
111
-16
-82
207
65
-21
115
55
-92
-277
129
122
58
-154
34
-35
3
-34
-20
-142
96
151
-83
-2
4
64
-396
44
288
-121
0
20
105
120
-30
-141
6
90
215
42
-177
-166
-140
186
52
737
-142
149
-37
182
37
-56
-501
-74
27
12
-62
-116
-121
179
31
116
32
-84
68
-240
-71
45
-183
27
-71
-18
-11
-309
247
-24
670
-185
-9
-388
139
166
605
102
57
-35
45
70
14
110
59
-31
16
-69
87
-28
-50
67
-202
132
7
180
-60
-1133
-229
-10
42
2
-114
-27
87
34
-169
31
9
-10
-86
-70
-340
266
-12
30
213
12
-97
-207
230
-56
-159
-45
-600
24
13
135
-33
-174
88
135
86
244
-95
52
95
171
-112
435
-8
84
-30
-58
-74
21
-135
-50
-23
-646
44
-169
17
162
61
-754
-146
-25
-16
82
59
712
37
-210
-55
39
59
117
33
82
118
18
-8
-99
123
-180
-152
-15
-659
-164
-74
-47
-110
47
-89
21
2
-45
-58
-50
24
-480
-96
44
-105
-66
317
245
86
30
104
-188
63
496
20
-293
8
-119
94
-563
136
29
-180
-28
-44
148
76
119
-60
-49
-56
17
-13
1017
123
148
61
171
21
-906
-612
-3
-138
48
-294
-67
-7
174
126
37
-859
-953
-55
-633
183
9
-88
74
191
85
-205
32
-75
-92
660
-3
1647
-92
-25
14
-226
212
96
220
26
-32
-16
43
121
72
-76
32
351
94
136
-716
66
251
-92
-20
-52
2
76
1409
31
56
121
45
-81
-162
-67
-56
-58
13
91
39
-188
44
591
-159
-171
-125
-143
-557
31
-110
31
-50
21
32
-187
70
41
-10
-196
-44
-25
129
-146
-169
-11
-3
-14
56
17
-30
-29
-174
119
-154
185
-78
7
-4
96
-30
-624
-26
128
-151
1
-441
12
55
-5
-46
-2
-65
-307
8
128
-88
-13
-38
44
-32
15
-55
176
118
18
-8
-3
114
-29
-75
72
35
-116
83
-57
2
-280
20
-48
-142
84
51
7
-28
35
58
-8
97
-1
-219
-34
-77
364
34
4
-170
28
42
-535
-45
-5
-5
-13
19
17
145
-162
-18
-116
-52
-138
32
24
-306
-56
-74
114
50
-37
-579
27
56
-155
-47
60
22
-225
138
-11
12
-46
33
85
-397
211
24
-506
-23
-144
56
-731
-160
-27
-20
-99
289
86
26
-60
145
225
87
142
-21
63
100
54
347
21
64
77
-4
-4
-11
92
244
-723
297
-1393
-47
2
422
-58
10
13
781
253
106
694
3
14
-90
-80
-338
50
-16
-517
159
-76
-26
-25
89
73
226
-75
-169
-364
-140
-114
11
-18
125
57
39
15
11
33
69
649
150
109
16
-17
-47
7
14
-6
87
58
76
-127
-104
834
75
68
24
5
147
-58
-31
-63
60
323
63
-85
-315
52
236
-305
186
93
110
-202
-32
51
-328
19
-20
-228
-43
-80
583
295
-33
-721
-66
73
223
56
668
86
-26
-116
267
145
70
213
55
111
50
141
-230
-18
30
-11
-49
42
-70
51
99
-241
-36
-101
-139
-21
45
-69
71
238
-23
89
368
-96
-161
-10
-327
-120
143
57
-93
157
68
-55
-36
-58
3
32
-253
57
-133
-63
-102
178
-332
162
64
-310
216
51
172
-104
-56
-93
81
-153
-91
-154
68
-73
-115
71
-66
-17
-141
140
-49
40
-61
412
103
159
-18
-36
46
-51
12
-14
75
258
-67
-54
-204
104
96
-125
110
5
-103
86
63
64
-3
-30
175
52
94
110
-3
11
190
252
87
-14
-446
357
133
-345
-32
99
-86
0
255
-32
-56
40
67
-4
40
128
127
139
-102
59
116
17
-34
-32
102
-83
166
18
-127
-628
12
61
27
-144
-55
92
10
-44
136
-142
-26
-200
94
-89
93
-38
110
-199
37
42
50
-80
69
76
900
158
-243
99
48
106
4
98
13
78
16
85
10
-111
347
-323
92
-93
-3
-62
-71
240
7
-107
-511
179
73
25
-125
-58
6
-130
33
-237
-23
63
-150
243
-75
-169
82
-64
-88
11
-49
42
46
19
146
-25
78
-11
-12
30
-43
58
-129
-66
-77
168
8
-471
-178
-3
-142
-92
-11
728
5
1
356
5
-182
-52
970
-53
51
540
180
27
-162
96
44
119
110
89
320
67
-48
77
153
-30
-128
-33
111
-21
38
0
-275
98
-43
69
-90
256
-6
-41
-78
66
-26
94
-48
-117
19
-73
-41
-45
-116
2
-139
126
180
42
188
-72
54
-95
86
42
41
52
-156
-364
-31
-27
58
-910
38
-91
85
-190
9
16
-45
-100
-474
-92
-7
-76
-727
200
300
42
22
242
-494
122
-118
72
337
-237
629
-75
-63
61
114
88
222
126
360
167
-195
65
32
68
42
-23
45
-152
94
-38
149
-26
58
-46
-104
162
-86
-32
37
-88
62
-68
24
16
-107
66
-266
-255
-94
55
592
-11
127
11
-29
130
49
112
12
100
177
-19
94
-23
37
399
-69
45
-15
54
146
61
100
-171
-127
100
-140
104
-253
-6
17
-156
-65
61
79
-47
-145
55
42
-133
189
-20
20
7
96
125
-31
-42
128
321
87
56
-77
-17
44
255
17
58
65
28
-25
109
26
10
0
-364
-270
46
69
35
-7
-55
-14
114
44
-58
43
-398
312
-29
7
-51
54
192
-128
-362
-16
-7
43
81
-4
166
-30
73
5
136
-247
201
28
-77
-806
1612
-12
665
96
-19
87
-126
5
164
-25
-16
-49
-32
-239
-75
53
34
132
168
-65
24
7
61
-40
741
1
-116
-225
149
-5
-91
14
857
60
69
-188
23
-104
-770
-29
47
-311
-438
64
285
231
-14
-45
-93
-116
-18
-37
28
61
49
-211
-85
-121
-677
152
351
-602
-147
214
42
160
-81
155
113
-1160
161
-46
-15
68
66
33
223
-45
53
579
30
-106
21
17
-641
77
-100
104
-105
-272
227
22
118
94
-77
820
31
-787
-216
368
11
65
-38
138
79
-58
-77
-192
68
-72
-90
60
-313
-18
48
-106
-128
40
-111
-149
-28
-170
-32
40
-126
38
226
-160
-21
-23
-29
523
96
172
91
6
-7
-148
104
136
-21
-64
-159
-300
-13
59
123
-12
2
-80
-42
11
55
199
146
-131
-59
68
-109
258
-45
60
55
-27
499
-32
69
95
-71
15
-25
13
-17
76
-187
46
187
74
188
82
-27
7
49
-101
-116
67
-111
-20
-112
62
322
-34
19
-7
-104
260
-91
-118
17
-55
58
-147
40
89
-406
-124
-157
-693
129
26
138
-30
474
97
65
93
-41
-455
344
-182
47
93
-781
-184
-42
-111
-15
9
43
79
-22
88
-10
23
154
-51
-69
-17
-86
43
126
78
-23
-1
-27
170
-7
-141
-177
-160
18
-47
-213
65
21
47
-44
-113
46
1384
27
4
106
-86
-153
85
-15
-42
7
343
55
3
152
3
-364
-11
-204
13
49
126
21
-129
56
-89
149
83
-110
-118
133
148
11
55
-70
4
4
21
295
-41
86
-61
-134
-43
-11
-54
-61
391
35
12
-89
-130
239
18
-134
-89
-20
96
-46
-37
-22
-43
-105
-103
-67
-98
-32
-565
-2
-91
-113
-76
51
-242
35
-338
92
52
115
90
38
-109
461
55
77
90
133
63
-7
106
12
30
40
132
-147
-54
-515
84
55
-25
-4
80
-50
-115
-182
-19
-246
-61
-71
111
-248
-19
-5
1069
736
-51
-83
-103
-80
-122
-16
16
-64
-2
37
-425
112
124
1737
50
94
60
-69
219
-39
78
142
35
-482
-122
31
376
7
52
-391
46
-329
-30
-8
283
-138
57
-70
13
115
230
-1497
92
88
46
-89
80
-56
30
-12
100
-174
72
-177
231
-108
-108
8
107
-172
6
10
100
215
50
98
-16
99
-21
-223
-169
84
26
99
101
37
255
6
68
-80
-104
124
61
-86
-302
56
39
-63
-82
46
113
-121
48
33
-179
-2
59
-159
3
31
-26
27
50
-20
-25
-148
-76
109
-304
-34
-126
-3
-153
138
31
125
-62
-138
-383
101
89
114
-43
83
-41
56
11
-182
-385
-217
748
113
-34
3
-178
-32
590
193
-65
-57
-70
29
-104
-46
94
-87
-129
-109
142
95
103
-1706
-6
272
-38
18
1043
-95
165
66
-16
132
-10
-64
-105
79
-15
-61
48
8
35
-60
-9
-218
-125
125
-5
-2
-16
-59
12
-69
-157
59
79
-107
-8
-152
-115
80
-93
51
32
-105
-688
-277
-3
-69
-137
16
-50
26
-8
13
163
64
444
49
-84
1226
-141
-124
-86
-203
148
-68
-122
70
113
131
92
56
64
-14
47
36
37
149
-19
82
57
-12
-126
63
-43
-533
115
-56
36
172
-241
20
26
232
78
11
-4
129
-305
-11
163
11
41
-395
49
-49
98
-156
-64
80
58
93
124
71
-81
-4
35
-23
16
-52
-916
-132
-44
-259
217
-38
-64
-317
91
-45
176
-78
32
82
23
212
56
11
-151
18
77
-121
13
-71
183
51
19
202
39
112
12
96
66
-4
-23
153
69
-39
-93
-27
-174
-47
149
-47
155
-22
10
-186
187
99
146
70
11
58
78
58
191
598
-34
-19
-857
-119
-46
25
122
63
-24
-82
10
-33
-20
53
30
-23
544
93
-52
-2
-2
57
-1209
-206
196
258
-198
-18
89
11
40
23
60
64
-108
25
-24
204
34
60
-107
23
-33
0
77
-49
-219
111
97
70
37
-163
-181
47
40
-103
8
-97
178
599
-99
-170
27
349
-3
-604
87
-137
8
-54
47
-139
57
55
-66
-92
46
-83
-449
-92
-345
-57
4
103
-69
-89
27
54
-50
72
29
178
-213
-129
-37
18
61
53
74
-45
11
137
-95
76
114
0
8
-92
388
138
66
-214
136
-136
76
26
-91
82
-283
-123
-191
116
70
-58
203
203
112
41
-16
264
-12
229
217
80
10
24
214
176
113
55
-323
-14
-120
34
134
-83
-7
-29
8
87
115
-399
-213
-220
-94
-26
-66
26
24
-83
65
-77
-139
-31
92
154
227
-10
156
463
-113
94
-1064
-491
-1251
-55
94
113
-232
59
65
-101
-143
-67
45
21
-35
-28
817
-40
-116
-93
-51
35
-109
2
83
68
134
89
1899
-117
27
70
-710
55
-142
-915
60
-475
68
59
29
-196
247
91
114
-36
-64
-70
-100
124
68
1795
-75
113
104
70
27
126
97
-55
-467
28
127
-9
-36
10
-21
-73
127
-31
544
-10
-78
10
-113
-73
-6
60
11
-52
-149
-19
-104
-133
-48
-11
-841
1
-2
-164
124
81
22
-62
20
-15
162
287
112
-27
-106
-61
59
78
-132
-2
-129
101
31
-18
-97
64
200
-73
7
221
177
157
62
-17
-19
-15
93
127
95
14
66
-2304
638
79
30
-34
-43
120
255
60
-17
-342
48
-187
-29
113
-695
92
28
104
129
-61
-76
111
228
86
59
-58
39
-6
-79
917
146
-21
-9
51
-2
-34
37
529
0
88
143
-21
57
1020
-59
-11
52
197
-38
-86
-368
572
-17
78
34
-906
25
1
54
37
148
49
122
-22
-110
-45
-8
96
-158
437
-157
42
121
-6
-69
37
39
65
625
-1
225
-161
139
41
127
94
-116
124
-83
-913
78
-379
-259
19
-25
-35
54
161
-521
13
17
16
239
-5
-435
-40
-28
4
21
11
-126
-66
-56
-68
272
7
-317
-22
24
-125
-9
22
-13
-72
-114
41
-23
-78
-52
-340
135
-111
64
16
39
34
33
4
-3
-69
22
34
20
43
-116
175
-52
-1311
-64
-164
43
-71
65
-169
-89
401
84
-197
967
-134
-130
-41
37
24
-77
-28
28
-191
-34
-160
14
-76
143
112
88
30
-170
-77
-71
-138
45
-84
16
55
255
45
9
-39
325
-49
160
24
55
-83
-1
-128
101
76
-139
52
-35
-3
44
-91
49
-55
-148
87
-111
15
168
-90
-14
-106
-64
-200
-131
-85
407
-113
45
-67
11
810
277
-1935
-146
57
-104
30
20
-93
-120
154
-8
34
-319
98
-123
111
-6
92
5
39
-541
-27
28
-89
481
-76
2
30
-146
-13
146
987
-71
-23
18
-151
-121
247
41
863
-155
-78
-146
151
5
-115
-134
-169
-44
113
150
-82
18
-374
-52
-117
-20
29
18
36
39
104
-73
-27
-54
-106
-43
-36
26
113
25
-73
-70
-35
-6
-96
-1630
79
-181
-45
105
94
41
-66
545
16
-74
-64
-42
-85
-184
-9
33
34
-271
24
-23
170
44
79
74
-54
5
43
402
-281
-20
131
-52
-433
17
44
-1422
-107
90
33
-23
-66
-475
-155
197
342
-35
-8
-2
1127
51
608
283
-223
-168
49
342
-2630
-16
40
147
95
-313
-30
113
-100
-74
-154
56
-93
-53
-233
-28
-59
595
164
55
-109
-16
-63
152
-1
-107
134
-1
83
-68
-31
53
185
-148
-131
-55
-54
61
-27
-32
-87
5
157
585
152
-88
-585
-8
-183
47
-21
-102
-102
-4
654
44
22
193
52
-107
88
-44
-417
19
-115
-526
36
-160
52
96
31
88
-76
19
41
-100
-119
168
49
282
64
1542
-110
-129
25
-2
134
-124
94
58
13
84
94
6
-388
-53
-78
74
42
-164
-103
24
54
-167
122
123
14
114
160
30
120
237
-848
13
-182
70
-30
-32
-137
-568
-2
83
19
-230
731
-5
-41
-770
-7
101
55
-69
-6
35
-48
-153
50
-118
-148
118
-27
-3
75
-104
80
-108
-79
34
26
344
98
72
-507
131
-95
3
233
49
281
-71
5
-71
-88
61
28
55
-67
246
-54
180
-184
-215
360
-124
20
121
116
95
4
-11
47
26
44
102
38
140
27
56
88
19
127
11
-75
84
83
61
-283
74
-65
177
109
-33
85
-46
84
24
-68
93
65
205
596
59
-352
-53
125
-60
-125
21
164
-32
-189
164
-1261
54
67
-92
149
310
-109
-609
-519
119
2
105
-224
-66
-52
-146
-73
-37
67
78
-22
3
-81
-69
0
-142
-254
64
-73
9
-53
-3
-32
-80
121
-136
77
311
176
-1231
85
-174
-30
-1
37
61
-26
-39
8
-11
38
23
119
-66
-39
-62
173
90
-43
-173
-482
-112
-104
-54
-338
-85
15
27
-51
-319
-27
81
-63
-46
5
-299
-23
1539
74
34
-32
1019
178
-70
106
43
122
-80
-23
332
-99
-89
65
-26
40
87
-106
-82
19
-123
-137
-43
-68
178
-1
421
-88
192
-321
23
-68
-22
-39
-1230
44
53
356
-170
-251
412
348
89
472
2
108
-49
-65
-287
351
-376
38
0
-77
-194
51
-91
55
143
-89
-48
7
-67
-92
-325
-40
-157
85
-132
87
22
-601
-44
365
177
-62
-170
342
121
107
10
-73
-191
74
-66
-102
42
137
-73
59
-93
164
19
738
-715
3
-88
-58
52
-87
-38
66
215
-70
-108
19
23
-19
-227
-80
-2
1218
-16
-135
75
-5
99
-795
538
197
-39
38
-3
-50
-166
1663
-994
-40
-221
-96
-74
-116
-108
-268
-203
207
-31
-123
6
-18
99
-326
-222
86
277
-13
17
-85
157
-89
-72
-2
-87
-37
183
62
99
-86
161
-36
-35
-77
-13
194
-127
67
-101
-754
-59
-3
-62
-49
88
-61
-41
-280
217
12
-4
-103
-50
-136
-69
83
69
155
58
-97
304
-124
657
43
70
118
54
91
99
315
28
34
-55
42
5
-352
187
28
-24
-228
87
5
73
-27
-160
-139
-76
-60
184
41
-34
76
-1
203
-17
0
286
184
-158
-31
-98
-177
92
-549
152
274
186
-23
-104
-80
-535
-91
93
213
81
-92
-141
93
-44
684
45
69
8
102
532
-549
83
76
-1
9
-24
-26
-74
89
-558
-20
84
94
36
-43
89
23
-100
-39
61
-290
10
52
90
73
174
-53
-593
10
-45
-14
-59
-64
71
68
-233
77
43
-32
-153
17931
-732
136
5
-135
442
11
199
93
76
77
-164
122
-26
-949
-240
-42
-7
46
45
94
-25
200
-855
-685
-24
-54
-53
-271
-489
-83
-51
-22
-18
150
-94
-26
-148
277
480
147
-33
58
-123
34
-49
295
-74
145
-722
174
71
175
123
64
-42
281
-78
38
215
8
-111
106
76
-54
-67
-20
-77
125
51
64
173
98
93
31
620
-112
197
102
53
46
-158
-99
142
302
214
-36
-41
4
78
-121
-47
126
21
-31
283
-461
-134
-307
144
69
211
-78
62
-33
70
160
-75
-77
46
-121
0
-84
146
65
31
-79
-213
72
8
850
-3
-17
-612
-197
-45
26
-308
-26
315
264
107
-46
-104
338
39
-34
66
1428
2065
-206
340
123
21
-116
23
14
-58
-147
77
-125
200
-137
102
304
-143
110
-21
-40
267
268
-157
-225
66
43
43
405
-64
-26
-51
-57
152
-721
43
189
-505
-104
5
74
-280
78
-209
156
216
-5
37
42
52
260
116
370
-8
145
96
30
-36
-71
7
142
-128
25
-32
69
218
27
143
-125
49
-13
-219
41
-17
-249
70
9
-25
-129
129
-46
17
-218
-89
-411
160
84
-73
64
-15
-802
91
-93
-66
161
-62
-127
-121
-232
52
1406
43
3
32
426
24
22
78
-59
-53
-38
-44
-55
2
-158
-63
-109
-961
42
-213
-130
-3
306
236
-18
7
-114
-77
-57
346
162
-236
-14
64
16
-70
-137
-101
75
-23
295
94
17
-12
122
-84
-36
125
-423
452
-16
137
232
30
-26
-145
-175
16
-70
2006
52
-38
201
-34
48
53
158
-29
-191
81
29
-339
63
-82
69
-300
161
147
-727
67
-323
67
-1153
-53
74
-46
-124
131
10
17
-279
70
50
-172
55
78
49
24
56
73
-260
138
-389
25
13
-70
121
46
33
65
-78
-41
80
151
-369
31
251
24
-17
-3
-115
136
162
179
91
-82
-12
-37
8
-573
18
-112
-28
-62
-41
-81
122
-920
-117
-223
-52
-203
-12
61
-156
189
124
50
-3978
30
324
175
26
-94
-30
-109
6
166
-40
325
71
-81
-410
73
875
-20
385
-83
-32
-104
70
236
304
266
-59
-3
-88
64
10
-8
-114
-12
-60
105
-167
-48
104
-132
77
-45
-29
-126
-66
107
11
-130
-41
-709
420
-24
-262
-52
-121
188
42
-1
47
59
40
-45
-58
15
-468
123
33
168
-23
36
152
-110
-15
27
-265
2
80
237
-152
36
-61
4
-86
-3
154
36
-768
16
196
-161
63
-54
12
-494
-3
-10
95
-119
-744
107
-38
-7
-98
-37
-17
-189
-54
73
-52
-517
-28
-244
-274
-99
87
-15
-65
-94
19
55
9
10
3
-180
329
46
-1135
-18
53
137
102
-91
-46
-62
-610
-70
148
-8
20
47
61
4
-417
73
-3783
-34
8
34
47
-207
-56
-64
6353
119
64
108
32
-123
48
22
-26
146
27
131
-18
-157
140
1
33
-240
-56
-751
-41
11
19
88
-139
333
151
415
-16
43
32
185
210
81
0
76
-143
32
30
39
-23
-99
75
-127
151
-54
-42
-51
1098
91
74
-246
-68
21
-2
-136
69
-344
-5
12
-50
-66
-108
4
41
-155
163
-42
43
131
52
-159
81
61
75
-83
24
10
-106
105
66
56
-38
106
286
-63
-980
-63
-33
-24
60
-172
-66
128
132
286
5
1
132
65
58
-78
