exp 9
-227
943
-33
-153
577
-34
-15
-787
-184
-51
-97
107
-210
-155
-3465
394
227
123
-276
-802
119
88
906
72
-47
-6
45
453
469
148
13
-119
308
69
47
136
-282
429
304
81
168
56
-180
145
-87
59
100
54
-65
-160
-14
64
180
83
443
-126
3756
40
-911
40
7
69
4
-62
163
96
128
-179
412
-48
-195
-87
-74
-59
-25
-153
-6
-171
66
-8
54
-1
-134
287
-210
-152
182
-64
43
-155
306
306
78
162
-19
-118
-65
207
-19
-320
160
138
-187
-142
-68
0
-23
-25
-99
-37
-87
113
-32
-59
-85
-275
-22
38
138
120
-25
109
5
353
-203
289
39
75
-127
-148
-85
-115
747
114
75
44
148
2
14
-31
108
-51
298
-1069
-14
-17
-167
-75
524
123
50
87
-105
1548
228
-918
40
-24
-9
-77
41
-321
-37
12
192
21
-132
-44
-12
136
22
-90
2
-222
-78
570
156
-87
31
83
7
5
1
-210
40
-73
-52
5
124
40
-45
414
-1
498
-25
15
66
-93
15
-163
-166
-104
29
17
-61
-81
33
4223
196
33
-130
247
-248
-171
-118
-23
81
-60
-99
20
2178
54
165
-135
2
-298
36
-69
123
-278
181
35
-130
-91
158
45
-287
-59
-638
-143
-123
23
51
192
-21
190
-64
-222
21
-106
-225
167
-180
-2264
-18
103
7
-145
-57
-50
-236
4
23
53
99
-55
79
112
187
-592
24
-343
-148
-97
134
181
196
126
-263
172
-406
-151
-531
143
40
-51
61
104
104
282
47
-69
55
-121
42
76
-393
74
-114
270
22
4
65
463
153
-516
184
-9
-143
-201
-3260
91
4
-464
-945
-88
84
-141
-8
48
265
40
113
34
-6
81
84
67
44
17
4
-149
-34
-88
253
-121
7
-114
-15
-112
-615
65
127
-55
-181
216
-187
-68
-154
92
-29
112
32
168
-56
-437
-42
-29
-1198
23
121
-153
389
143
-106
3
-91
38
128
-310
-19
4
-625
81
-141
145
158
199
77
-10
-85
-67
123
1529
1135
-118
-46
100
123
-640
106
-142
18
-133
135
88
-36
164
23
46
60
-74
-345
45
-47
-162
-16
-52
47
-219
20
-148
-174
-1075
148
73
27
569
20
-144
66
53
-12
-890
86
1
460
-27
85
43
85
98
10
-140
881
-36
-18
-186
83
-441
176
1447
88
-201
54
1127
-181
-55
-81
93
214
63
-44
2598
-243
-43
29
-11
-173
58
-328
6
57
1907
-168
32
8
1613
56
-83
10
184
-52
-90
126
2
-48
274
75
34
173
45
-125
-352
190
163
67
-202
95
-8
10
-52
-44
-135
140
183
-97
-26
3
33
-500
60
382
-124
-23
62
128
149
-28
-149
-18
106
253
6
-258
-219
-194
211
71
873
-229
206
-46
257
55
-102
-718
-104
27
-33
-79
-138
-143
186
33
128
28
-106
109
-320
-83
64
-269
36
-81
-23
5
-408
313
-59
863
-238
-3
-432
137
222
787
124
54
-7
50
86
30
131
112
-41
24
-85
63
-24
-50
90
-243
159
-13
184
-88
-1621
-274
0
24
-28
-102
-96
131
104
-218
74
16
-43
-135
-71
-396
382
-9
64
318
10
-111
-284
312
-26
-176
-46
-826
47
9
155
-36
-175
106
180
141
300
-100
32
95
215
-117
538
-32
96
-51
-106
-113
72
-218
-55
-14
-841
94
-182
33
251
100
-981
-144
-32
-49
100
65
904
34
-232
-82
71
81
164
105
52
113
30
-24
-127
165
-200
-195
-45
-843
-212
-71
-70
-117
25
-80
50
-30
-33
-80
-62
-33
-665
-158
34
-103
-79
400
260
89
33
134
-250
63
630
38
-414
5
-165
122
-752
171
56
-241
-40
-69
171
90
169
-55
-40
-59
-11
11
1352
148
190
76
203
44
-1195
-789
-11
-130
25
-329
-70
39
236
101
31
-1083
-1222
-99
-801
218
12
-112
83
274
99
-239
113
-83
-111
863
1
2318
-132
-5
-20
-289
250
92
294
27
-74
-38
73
150
93
-87
62
440
94
170
-907
95
337
-139
-35
-64
16
94
2139
77
74
124
134
-69
-188
-92
-76
-97
-9
185
62
-196
29
794
-187
-212
-164
-172
-726
98
-138
65
-32
-3
51
-229
77
29
6
-241
-46
-31
164
-173
-181
-27
10
-36
87
24
-58
-55
-192
127
-185
239
-158
51
1
153
-46
-779
-42
197
-137
-35
-591
24
93
-11
-45
-30
-81
-391
13
162
-77
-17
-35
103
-28
21
-84
234
112
22
11
9
146
-9
-82
74
63
-88
134
-46
-10
-373
23
-88
-107
109
37
-8
-53
37
71
1
109
-5
-277
-31
-69
488
63
12
-211
51
90
-723
-56
-36
7
-44
63
29
225
-225
-15
-100
-2
-159
54
31
-414
-51
-70
129
84
-24
-807
21
80
-209
-55
60
54
-272
185
6
-32
-72
35
74
-487
234
27
-630
-35
-207
25
-933
-163
-3
-28
-100
368
108
6
-97
166
296
96
166
-30
39
109
61
514
31
82
105
-17
-38
-15
105
319
-914
376
-1745
-72
38
644
-55
32
5
992
354
169
898
-10
36
-146
-91
-414
50
-28
-653
197
-58
-31
-24
128
91
272
-120
-216
-444
-163
-151
40
-25
165
87
26
4
12
61
162
826
208
110
26
0
-82
-11
66
0
91
89
65
-135
-106
1075
87
41
17
0
198
-79
-58
-69
91
361
86
-108
-403
59
292
-416
166
114
141
-275
-81
55
-392
19
-30
-304
-31
-151
713
375
-41
-963
-76
73
228
59
819
107
8
-172
307
184
82
262
56
98
51
170
-316
-30
50
-1
-53
28
-82
43
108
-326
-85
-142
-150
-37
78
-70
73
302
-32
72
512
-119
-195
-21
-409
-144
171
73
-99
213
99
-100
-28
-149
4
8
-295
76
-164
-95
-161
280
-456
169
134
-414
261
60
238
-105
-28
-121
124
-145
-92
-252
72
-85
-108
137
-73
-42
-183
142
-61
46
-68
549
154
171
-32
-35
87
-60
53
13
91
315
-67
-24
-251
112
135
-121
118
15
-133
156
19
24
22
-24
204
43
128
155
9
14
213
289
106
-31
-573
490
192
-451
-68
133
-78
5
308
6
-76
59
69
-29
66
167
146
114
-128
96
122
25
-40
-22
138
-112
153
-16
-160
-832
-10
110
-3
-191
-104
96
48
-32
224
-184
-36
-254
118
-76
97
-39
169
-219
66
46
17
-98
91
77
1195
201
-300
130
72
126
15
93
-18
127
0
114
62
-96
434
-476
129
-89
0
-85
-69
288
-47
-110
-639
233
113
97
-143
-102
5
-203
-16
-311
1
82
-256
276
-93
-188
108
-82
-126
31
-42
68
57
-8
170
15
68
13
-19
19
-63
56
-153
-86
-67
204
-5
-609
-195
-46
-152
-127
1
862
-5
-1
486
13
-242
-74
1308
-48
68
678
230
-1
-202
194
59
95
155
150
406
65
-42
69
168
-27
-151
-88
160
38
24
55
-374
92
-102
61
-110
348
16
-46
-38
88
-21
58
-48
-156
51
-102
-56
-38
-143
27
-137
158
242
37
242
-81
31
-159
97
85
124
52
-240
-491
-28
-19
115
-1148
35
-110
90
-220
-14
1
-69
-104
-649
-104
-3
-90
-933
246
409
23
41
294
-603
135
-123
108
391
-265
765
-41
-117
59
167
125
284
152
441
193
-246
105
44
75
93
11
90
-171
135
-33
207
-14
40
-36
-134
204
-134
-53
45
-28
30
-55
19
11
-157
81
-387
-318
-115
38
690
-8
182
46
-25
198
128
135
13
161
208
-48
117
-46
-19
526
-75
83
-16
55
150
135
125
-184
-171
134
-131
109
-347
20
11
-198
-68
93
106
-61
-194
43
69
-166
260
-39
23
23
157
173
-66
-31
194
439
142
77
-79
-23
57
317
26
50
104
4
-3
161
63
24
-23
-439
-344
38
51
57
38
-94
-4
126
37
-47
29
-529
409
-48
27
-72
87
216
-194
-503
-45
23
54
80
6
152
-19
104
0
173
-319
246
46
-122
-1042
2619
-26
876
93
-28
112
-158
55
206
-36
-61
-82
-65
-297
-77
49
43
193
200
-102
5
44
58
-56
976
-31
-103
-306
183
-18
-131
15
1162
73
32
-249
23
-127
-991
-35
50
-392
-612
66
314
283
-56
-65
-105
-137
10
-55
67
91
72
-261
-114
-168
-875
193
464
-791
-173
308
72
235
-73
196
127
-1521
211
-116
1
74
60
20
283
-100
103
745
57
-154
71
45
-812
104
-133
134
-163
-379
301
45
144
84
-109
1289
36
-1012
-310
441
38
34
-37
186
103
-68
-121
-214
71
-109
-125
90
-384
-39
76
-99
-176
85
-133
-148
-47
-245
-65
66
-153
9
315
-211
-11
-49
-16
630
137
224
104
-13
-32
-241
142
187
-4
-93
-173
-362
15
118
155
-28
15
-45
-80
-8
41
248
164
-136
-86
126
-97
370
-11
62
46
-14
650
-38
129
148
-72
22
-21
1
-10
92
-191
68
247
101
204
50
-53
43
64
-138
-137
38
-105
-43
-158
95
379
-41
19
27
-121
330
-155
-61
20
-67
20
-186
35
82
-546
-124
-223
-886
145
-5
174
-43
615
106
70
116
-20
-689
444
-209
69
133
-1089
-235
-66
-120
-10
41
46
115
-48
131
-46
19
182
-74
-83
-54
-98
47
158
107
-45
-5
6
173
-35
-217
-197
-220
62
-48
-255
106
5
62
-48
-149
55
1771
101
-22
170
-43
-160
111
-24
-23
21
447
84
-28
116
32
-589
7
-226
57
63
165
47
-168
54
-107
152
75
-131
-121
179
147
1
64
-84
-30
31
28
354
-43
115
-90
-168
-40
30
4
-75
487
62
69
-108
-157
309
72
-135
-95
-60
131
18
-71
-38
-35
-131
-132
-51
-141
-33
-709
-45
-171
-147
-89
62
-313
35
-480
130
11
121
123
57
-153
635
44
114
110
169
111
27
122
26
89
53
145
-180
-88
-688
96
66
-18
13
98
-39
-91
-238
-12
-281
-46
-70
124
-354
-28
5
1457
999
-63
-91
-103
-106
-157
-47
13
-71
12
94
-472
183
114
2305
39
119
36
-124
289
-27
47
178
-15
-608
-128
9
557
-10
82
-496
25
-389
-35
-18
349
-181
18
-86
35
144
268
-1958
103
87
64
-106
107
-18
0
-32
132
-194
98
-239
221
-127
-104
19
148
-212
5
24
144
318
39
109
-16
90
-67
-280
-211
112
23
123
118
-12
322
23
107
-97
-84
111
92
-162
-391
83
62
-106
-93
51
128
-140
72
69
-219
-25
54
-190
25
51
8
59
55
-4
-27
-174
-93
124
-405
-54
-171
47
-172
195
26
155
-65
-164
-484
181
111
144
-51
107
-37
51
9
-270
-505
-244
1025
118
-34
63
-209
-29
738
219
-55
-99
-70
-19
-117
-41
128
-58
-145
-113
173
94
107
-2289
25
359
-40
44
1397
-117
193
116
-38
244
-18
-37
-129
117
38
-88
79
41
63
-31
-11
-287
-184
137
37
21
15
-79
47
-97
-180
30
119
-157
6
-192
-139
102
-27
37
9
-172
-895
-347
-19
-104
-176
37
-46
15
23
16
256
56
566
109
-84
1694
-204
-164
-84
-271
147
-70
-154
92
136
163
113
24
80
-16
13
8
73
174
-66
60
94
16
-182
113
-82
-729
133
-84
23
244
-334
31
20
299
107
9
-4
189
-369
-30
197
-30
108
-406
65
-58
92
-133
-63
116
74
97
135
96
-125
21
79
-15
6
-50
-1191
-207
-89
-331
271
-86
-99
-389
124
-42
232
-86
44
93
9
256
62
34
-212
-20
98
-138
7
-129
241
61
11
268
43
155
0
52
79
-20
8
233
90
-52
-68
-34
-198
-106
182
-95
217
-30
-9
-226
211
98
217
73
14
42
76
29
229
774
-21
-51
-1102
-135
-79
74
137
110
-38
-102
37
-40
-71
52
39
-48
803
106
-53
-11
33
31
-1594
-216
210
350
-222
-22
132
-3
63
19
35
107
-147
32
-39
275
24
60
-144
62
-35
20
56
-57
-260
157
91
101
8
-220
-244
57
42
-110
10
-171
220
808
-89
-214
98
430
0
-819
100
-168
14
-99
85
-165
77
82
-59
-74
59
-70
-605
-122
-490
-83
47
177
-53
-57
8
94
-58
69
74
221
-310
-192
-37
47
75
61
105
-81
27
181
-138
112
196
1
30
-81
479
181
112
-270
162
-143
93
66
-105
96
-406
-142
-208
137
35
-7
232
294
155
75
-46
335
-42
330
308
104
33
44
286
212
137
53
-430
-25
-136
46
172
-105
46
-19
19
102
157
-536
-291
-273
-98
-53
-83
-6
47
-87
71
-114
-193
-68
105
193
285
-20
245
612
-152
129
-1406
-660
-1433
-20
78
129
-292
87
119
-157
-234
-100
34
4
-19
18
1064
-42
-176
-130
-70
30
-128
-19
94
69
188
83
2487
-174
22
82
-931
70
-204
-1165
58
-599
53
78
71
-242
316
100
177
-97
-88
-83
-152
159
79
2421
-98
206
161
70
28
149
99
-59
-601
4
141
-22
-62
1
-24
-86
202
-51
738
-61
-89
0
-150
-91
12
97
33
-53
-202
-43
-157
-195
-24
-60
-1155
25
-32
-196
135
137
32
-45
18
-30
198
369
110
-37
-101
-71
84
85
-128
7
-185
143
40
-22
-142
55
235
-98
32
266
216
118
73
-15
-39
10
101
164
97
-31
87
-2901
836
87
28
-31
-58
101
366
59
-6
-521
66
-284
-20
123
-847
135
5
131
163
-62
-93
119
310
109
38
-78
32
-24
-114
1185
221
-17
19
67
15
-36
74
649
26
75
165
-6
72
1365
-46
-50
55
256
-28
-139
-478
702
-11
137
56
-1261
33
1
68
28
208
71
165
-18
-132
-25
-26
160
-173
530
-201
68
151
14
-148
40
82
142
846
12
300
-169
152
47
180
135
-143
121
-98
-1274
103
-467
-324
71
6
-50
42
136
-661
23
41
21
303
30
-543
-60
-36
4
36
-10
-175
-33
-99
-80
371
-26
-431
-82
10
-131
-68
-17
-27
-103
-128
66
-1
-87
-64
-447
180
-127
77
-15
14
48
62
-7
0
-65
26
70
71
35
-143
221
-102
-1801
-102
-177
54
-81
61
-191
-109
539
143
-245
1440
-157
-194
-49
61
11
-103
10
55
-203
-46
-179
-18
-105
241
135
118
69
-206
-107
-148
-181
57
-100
77
65
310
53
9
-53
440
-72
154
18
90
-56
-1
-157
158
99
-145
75
19
24
79
-142
102
-60
-174
129
-121
53
168
-108
1
-172
-72
-232
-148
-131
553
-134
89
-99
14
1081
365
-2464
-156
86
-142
37
25
-93
-135
205
4
23
-417
172
-172
105
15
103
-10
20
-704
-33
71
-107
592
-83
4
46
-164
-10
164
1304
-106
-67
-14
-126
-178
347
24
1072
-189
-116
-201
175
18
-130
-151
-226
-83
151
154
-105
-16
-456
-9
-112
18
12
-5
41
27
128
-62
-41
-102
-147
-92
-39
52
161
32
-70
-86
-43
23
-124
-2215
116
-196
-59
139
136
87
-99
770
47
-130
-45
-79
-115
-221
-7
39
47
-406
33
-65
200
23
76
67
-53
70
52
537
-386
-53
143
-77
-579
73
62
-1897
-107
71
4
4
-53
-619
-205
251
472
-28
28
-20
1545
48
763
353
-301
-220
105
436
-3788
5
50
188
148
-372
-37
98
-142
-79
-191
91
-101
-36
-275
-1
-102
783
206
86
-136
-34
-78
149
0
-184
160
-25
94
-48
-20
50
246
-176
-227
-72
-25
63
14
-55
-119
15
236
723
192
-140
-785
-10
-250
64
41
-108
-138
-16
896
92
26
258
67
-150
72
-61
-526
77
-94
-636
19
-240
97
148
46
117
-91
44
37
-113
-128
204
63
330
94
2081
-117
-168
29
-17
139
-148
114
78
19
121
91
-10
-522
-63
-44
38
70
-198
-152
7
21
-181
138
146
18
144
197
21
164
317
-1125
0
-202
143
-33
-35
-180
-835
20
112
10
-289
914
-9
-40
-1051
11
89
105
-110
28
40
-66
-181
66
-136
-189
133
-47
-68
71
-94
148
-150
-96
43
28
466
141
100
-705
203
-124
10
266
49
384
-92
10
-86
-80
44
36
25
-88
302
-89
200
-276
-304
481
-152
29
167
140
119
11
8
31
-10
37
114
53
170
30
77
131
51
158
7
-89
111
102
88
-388
52
-77
184
97
-58
91
-41
126
8
-103
82
97
273
795
65
-473
-81
157
-55
-150
11
179
-56
-189
200
-1668
100
77
-145
191
365
-75
-840
-767
123
-25
112
-200
-87
-67
-185
-47
-72
121
86
-34
12
-97
-63
-17
-198
-293
94
-97
0
-48
5
-50
-141
178
-166
72
373
221
-1544
124
-176
-33
32
55
76
-7
-91
-58
-13
38
43
128
-57
-49
-81
265
116
-78
-198
-646
-114
-149
-51
-433
-53
7
19
-62
-402
-29
77
-51
-55
15
-407
-50
2117
99
83
-34
1569
218
-77
150
76
153
-61
5
437
-120
-127
45
-76
0
66
-159
-96
56
-155
-182
-27
-86
206
-37
594
-104
279
-408
25
-55
-49
-32
-1572
66
35
460
-161
-330
564
426
124
626
34
124
-48
-39
-347
455
-482
84
-19
-101
-247
6
-124
45
145
-138
-42
-22
-58
-145
-411
-66
-195
112
-173
77
33
-794
-62
464
181
-80
-176
443
126
158
16
-111
-220
70
-86
-114
26
140
-23
69
-133
206
16
1005
-945
-13
-129
-97
74
-144
-58
130
256
-128
-149
73
-19
-46
-286
-115
5
1631
-6
-197
82
8
135
-1014
686
241
-31
37
23
-61
-198
2209
-1345
-70
-292
-121
-81
-80
-117
-309
-246
241
-51
-166
-9
-31
154
-429
-271
111
317
18
21
-158
171
-90
-86
29
-55
-61
223
91
133
-128
236
-16
-36
-106
-29
227
-157
73
-87
-1016
-68
-53
-26
-34
111
-37
-70
-363
276
-11
6
-111
-41
-153
-83
122
118
202
120
-128
478
-182
836
17
112
167
48
89
90
433
49
51
-87
51
-8
-474
225
5
-46
-273
105
-21
84
-5
-236
-172
-98
-56
240
48
-20
87
-21
251
-35
-2
324
174
-195
-112
-176
-211
117
-718
229
340
220
-29
-139
-110
-743
-131
128
233
107
-95
-173
97
-71
916
64
54
2
141
700
-707
111
96
58
-3
-60
-39
-52
115
-756
25
118
153
97
-24
105
30
-152
-78
79
-336
34
25
117
113
183
-99
-820
3
-20
-33
-43
-89
48
63
-287
71
52
-21
-186
23611
-904
215
4
-151
583
-6
217
96
116
83
-240
171
-74
-1333
-268
-76
29
40
80
117
-41
246
-1179
-932
-31
-41
-69
-348
-635
-100
-72
-13
-30
199
-141
-47
-173
311
623
199
-72
57
-155
84
-81
402
-125
179
-907
219
96
215
112
78
-62
337
-110
51
279
13
-136
118
88
-60
-33
-29
-66
134
18
35
229
105
120
50
807
-94
252
111
50
79
-203
-122
163
386
273
-45
-63
58
64
-122
-91
151
17
-66
370
-674
-172
-400
180
55
254
-116
80
-26
81
164
-107
-102
90
-181
-20
-111
183
80
5
-90
-247
75
-24
1118
1
11
-776
-272
-46
28
-412
-37
363
327
163
-50
-115
423
46
-38
102
2222
3102
-210
443
134
22
-121
12
14
-36
-180
119
-168
257
-107
123
431
-157
164
6
7
368
320
-219
-328
78
4
64
540
-86
-91
-87
-69
197
-959
49
238
-653
-122
15
80
-404
96
-256
165
333
24
47
25
38
309
164
456
4
181
92
13
-49
-56
23
140
-136
17
-55
83
282
13
199
-172
80
-14
-237
43
-60
-326
59
15
10
-152
155
-61
-1
-289
-62
-644
214
148
-82
79
16
-1178
110
-149
-93
170
-27
-128
-110
-288
106
1838
68
17
30
596
50
30
130
-82
-49
-65
-42
-46
22
-168
-85
-138
-1282
71
-255
-166
-13
351
312
-26
-30
-154
-152
-68
450
191
-325
28
94
45
-64
-170
-87
67
-33
385
65
-16
-5
112
-115
-4
141
-525
606
-6
177
270
34
-1
-177
-187
59
-95
2577
82
-42
231
-49
49
79
168
-13
-262
60
4
-401
55
-70
69
-381
175
183
-943
116
-406
51
-1481
-89
106
-57
-141
185
1
52
-347
97
95
-235
20
65
48
18
102
109
-357
160
-560
24
9
-81
135
66
59
105
-86
-62
115
191
-480
64
323
83
-17
-15
-128
198
197
203
125
-107
-40
-88
24
-753
4
-129
-46
-77
-64
-75
146
-1294
-138
-278
-56
-285
-38
101
-176
305
173
109
-5498
8
417
208
-3
-138
-44
-140
61
220
-49
435
79
-106
-552
101
1130
-23
512
-116
-18
-141
67
307
393
312
-63
-4
-104
32
69
-10
-125
-9
-68
121
-207
-36
168
-184
119
-49
-69
-173
-63
141
-6
-112
-66
-938
530
-40
-335
-87
-121
236
17
35
100
84
9
-54
-94
15
-595
192
38
210
-11
26
179
-135
-2
52
-381
-15
110
319
-140
41
-35
9
-120
5
231
30
-1059
34
278
-190
109
-70
-19
-673
-16
-32
121
-171
-918
151
-33
22
-135
-59
-9
-233
-92
112
-97
-672
-24
-312
-334
-151
129
-25
-86
-101
50
73
-20
36
-14
-289
398
65
-1556
-57
55
181
119
-88
-64
-67
-798
-97
195
-19
32
33
46
6
-573
81
-5634
-62
21
38
55
-239
-53
-76
9424
163
89
142
41
-92
80
22
-7
223
54
133
12
-177
194
19
40
-297
-72
-978
-62
11
70
141
-144
414
208
554
1
52
78
239
243
105
12
66
-199
34
33
29
-27
-107
78
-125
172
-88
-42
-84
1461
145
88
-270
-71
-17
-15
-174
88
-425
-47
8
-86
-70
-129
-9
93
-158
228
-39
47
135
111
-216
120
86
101
-132
41
-12
-107
110
93
65
-35
147
493
-69
-1347
-77
-35
3
58
-224
-39
190
143
375
-13
-12
124
111
102
-117
