exp 8
-180
681
-7
-129
499
-34
26
-597
-149
-54
-69
81
-179
-125
-2200
308
159
77
-262
-625
87
64
720
73
-24
-16
41
353
363
102
8
-112
236
41
53
127
-241
322
244
50
149
15
-128
99
-85
55
107
43
-42
-154
-29
68
134
52
390
-71
2809
52
-681
41
7
88
8
8
94
103
101
-124
306
-13
-142
-75
-86
-65
-33
-98
0
-79
77
7
67
-37
-104
229
-167
-124
184
-44
1
-122
259
181
81
131
-11
-78
-49
157
-32
-202
136
82
-163
-110
-51
0
18
-35
-61
-24
-34
85
-7
-49
-50
-173
0
44
141
105
30
79
32
280
-185
236
19
60
-97
-144
-91
-107
516
96
52
56
114
69
17
-23
89
-15
241
-813
-16
-76
-110
-57
444
62
77
61
-54
1210
179
-725
42
-8
8
-93
13
-261
-46
28
119
57
-139
-82
-10
111
28
-74
1
-121
-58
443
138
-91
-37
89
38
5
-55
-171
34
-75
-56
30
122
22
-32
324
40
345
10
-9
10
-95
12
-178
-101
-59
19
3
-41
-67
41
3237
181
0
-106
187
-171
-170
-88
20
66
-82
-61
23
1743
55
136
-125
42
-249
-3
-69
81
-222
114
34
-128
-71
82
34
-243
-28
-478
-122
-92
12
42
200
-8
142
-48
-174
0
-103
-215
109
-135
-1788
-11
86
25
-125
-41
-12
-178
13
0
35
57
-27
17
64
179
-480
82
-247
-114
-33
100
182
189
103
-213
143
-298
-111
-475
104
71
-46
74
102
94
221
34
-20
35
-93
44
62
-318
78
-86
189
21
41
61
313
151
-405
175
-7
-77
-175
-2293
85
43
-327
-722
-73
89
-112
18
-16
214
18
138
40
12
63
67
43
56
28
4
-99
-52
-56
191
-66
12
-124
-11
-101
-441
91
149
-44
-141
156
-143
-74
-151
63
-17
107
50
119
-38
-354
-64
-33
-949
55
89
-103
287
106
-89
18
-78
22
52
-235
-55
-1
-499
60
-118
97
144
157
73
4
-78
-62
72
1075
857
-58
-41
62
141
-484
48
-117
-15
-75
94
22
10
148
58
60
43
-64
-277
15
-59
-135
-35
-30
30
-208
47
-124
-142
-738
107
22
19
446
4
-96
9
17
-30
-694
80
4
320
-16
51
18
24
76
-20
-109
670
-40
-59
-157
109
-331
124
1090
43
-173
68
859
-116
-38
-62
34
180
62
-13
1993
-168
-4
23
-1
-154
40
-253
-9
57
1388
-145
61
-8
1294
61
-66
-33
146
-31
-99
115
-10
-102
203
74
-16
113
36
-103
-273
135
120
63
-142
42
-40
16
-40
-19
-145
97
148
-92
-8
24
68
-385
43
301
-130
4
9
105
141
-29
-131
12
90
215
42
-188
-146
-148
197
42
746
-141
153
-46
182
43
-47
-499
-70
17
22
-53
-129
-123
180
24
111
28
-98
72
-241
-78
38
-187
34
-81
-15
-1
-310
230
-24
686
-186
-16
-396
137
158
604
109
67
-35
59
68
5
109
57
-42
23
-76
82
-16
-52
76
-203
138
-2
179
-59
-1141
-239
-1
44
-11
-102
-15
91
27
-185
24
-2
0
-85
-89
-347
275
-6
41
214
29
-95
-203
237
-68
-154
-53
-610
27
13
137
-39
-187
78
134
91
268
-99
50
120
186
-123
444
5
78
-22
-75
-85
14
-125
-49
-11
-637
46
-179
18
168
53
-760
-132
-20
1
78
72
716
30
-205
-51
35
60
117
31
65
117
16
-11
-98
116
-199
-157
-10
-669
-179
-89
-37
-117
48
-99
20
-12
-60
-61
-49
38
-504
-95
51
-88
-62
325
246
86
48
107
-216
64
505
8
-297
28
-121
100
-573
150
38
-201
-33
-47
145
70
120
-58
-59
-67
8
-18
1018
140
138
69
192
36
-906
-612
-1
-141
50
-297
-47
-10
177
131
29
-872
-959
-56
-638
169
4
-85
68
198
74
-200
35
-71
-90
657
-7
1660
-104
-16
10
-225
228
83
213
30
-19
-8
55
147
70
-75
30
366
79
148
-721
68
251
-93
-28
-55
-5
83
1429
25
63
118
41
-64
-154
-79
-40
-72
0
100
49
-192
48
595
-157
-164
-128
-153
-547
22
-116
37
-61
13
37
-168
65
56
-15
-200
-45
-17
125
-160
-177
-12
-6
-35
71
23
-24
-11
-177
122
-170
183
-80
9
-24
95
-26
-633
-39
136
-165
-3
-463
1
70
-9
-75
-6
-66
-313
18
121
-98
-5
-32
31
-36
6
-52
174
126
20
-14
-11
111
-18
-97
72
24
-124
85
-70
-6
-292
29
-39
-143
92
57
0
-19
48
65
-6
78
1
-222
-29
-76
365
34
1
-180
28
47
-539
-54
-40
7
-23
19
32
163
-156
-20
-118
-47
-130
26
43
-296
-55
-98
128
55
-31
-569
32
52
-163
-41
67
23
-244
142
-2
11
-53
38
73
-404
208
16
-511
-8
-168
60
-728
-179
-28
-27
-94
286
94
17
-44
152
226
93
159
-20
74
113
56
350
23
70
87
7
-5
-23
98
255
-728
303
-1391
-45
24
432
-54
20
25
787
262
111
694
-21
15
-70
-78
-353
63
-6
-525
165
-106
-24
-30
91
78
239
-73
-169
-360
-153
-107
10
-13
124
45
59
-9
2
21
76
663
139
121
12
12
-31
18
7
-8
107
57
58
-133
-110
864
73
82
46
8
152
-65
-20
-50
62
336
70
-87
-325
39
237
-308
187
84
124
-194
-27
59
-329
25
-10
-225
-52
-85
584
290
-34
-719
-68
73
233
64
678
79
-39
-119
272
168
59
216
80
126
56
139
-233
-10
37
7
-63
30
-91
60
98
-248
-36
-120
-123
-20
40
-74
64
247
-10
85
362
-110
-165
-4
-331
-127
143
76
-94
164
77
-54
-54
-53
5
28
-263
62
-141
-53
-107
191
-315
170
51
-308
219
51
161
-99
-69
-82
71
-145
-75
-154
75
-62
-131
69
-68
-29
-160
149
-62
44
-66
420
121
163
-34
-13
59
-69
13
-21
73
264
-60
-56
-230
107
108
-132
106
15
-97
85
71
69
-8
-27
171
50
94
93
1
15
197
264
98
-22
-454
376
133
-373
-40
102
-86
-2
275
-42
-63
41
73
0
49
123
104
139
-108
58
122
8
-43
-44
103
-88
176
13
-139
-636
37
56
36
-149
-63
93
22
-42
145
-137
-21
-201
116
-99
106
-42
106
-200
29
29
48
-81
79
74
919
145
-254
100
57
92
6
108
8
66
22
71
35
-91
350
-330
80
-97
-8
-66
-76
231
1
-106
-514
184
63
24
-133
-62
-4
-139
32
-238
-26
71
-144
250
-81
-178
72
-50
-91
9
-50
30
41
42
144
-31
91
-29
-21
55
-48
56
-136
-54
-61
157
10
-485
-188
18
-147
-119
-28
718
-7
8
360
5
-175
-69
985
-51
46
548
188
14
-165
97
51
132
121
86
320
55
-50
101
181
-17
-129
-45
116
-19
46
0
-279
109
-60
60
-86
256
-11
-39
-65
68
-25
99
-50
-135
13
-72
-49
-39
-105
-4
-152
142
167
44
186
-81
60
-100
96
37
16
53
-154
-362
-19
-26
57
-939
53
-90
83
-194
16
21
-39
-103
-488
-100
-16
-90
-723
209
302
50
16
223
-489
128
-118
70
348
-254
640
-73
-74
69
137
92
236
142
364
177
-190
70
49
54
41
-20
46
-158
82
-29
158
-41
57
-50
-123
177
-81
-31
42
-99
37
-60
19
15
-107
61
-251
-260
-115
57
606
-23
126
25
-36
134
57
109
4
110
165
-25
103
-10
43
395
-89
45
-20
47
156
51
107
-178
-152
109
-143
111
-252
-6
15
-165
-55
68
81
-55
-159
62
52
-129
195
-9
19
13
110
116
-35
-45
122
326
75
69
-91
-18
61
256
20
50
73
25
-38
133
23
4
0
-370
-267
60
85
31
3
-51
-18
124
46
-80
41
-406
319
-18
0
-53
61
194
-121
-377
-11
-7
45
71
-11
179
-32
74
-6
133
-256
217
25
-69
-809
1614
-21
666
100
10
97
-120
-14
155
-13
-27
-36
-37
-234
-83
42
53
139
167
-68
15
18
64
-41
754
-4
-128
-235
148
-20
-104
8
865
62
74
-175
23
-118
-768
-30
28
-323
-440
68
301
251
-14
-38
-114
-132
-8
-29
33
59
62
-211
-103
-114
-665
172
360
-610
-156
217
59
162
-69
166
120
-1181
164
-28
-14
65
52
42
235
-33
40
595
31
-110
2
18
-643
73
-94
106
-102
-269
223
19
102
110
-99
820
19
-785
-224
370
18
69
-26
141
85
-46
-82
-213
70
-78
-78
52
-330
-17
52
-111
-127
28
-95
-146
-13
-176
-36
31
-135
38
240
-174
-15
-19
-25
519
91
180
94
-7
-12
-157
106
158
-12
-56
-146
-294
-16
62
130
-10
17
-83
-22
15
50
190
155
-144
-57
50
-117
256
-41
66
67
-32
497
-32
71
84
-70
28
-29
13
-15
76
-199
58
186
69
192
90
-27
6
47
-111
-126
61
-129
-14
-91
50
333
-42
5
14
-118
264
-99
-130
6
-73
63
-145
39
87
-406
-132
-164
-703
142
40
140
-39
484
89
62
122
-41
-448
341
-185
45
105
-779
-186
-52
-116
-32
6
51
66
-20
89
-18
13
168
-54
-66
-32
-114
53
142
80
-17
5
-44
184
4
-136
-182
-157
29
-38
-220
67
22
67
-50
-118
42
1384
14
11
108
-119
-160
98
-10
-42
-1
363
56
21
157
23
-368
-30
-208
5
67
126
17
-107
62
-76
174
71
-114
-117
136
160
35
53
-92
14
-18
28
296
-61
80
-63
-126
-42
-15
-60
-51
391
17
7
-105
-141
243
15
-155
-96
-15
117
-44
-26
-35
-60
-115
-96
-62
-94
-40
-578
-11
-78
-114
-72
67
-253
35
-347
108
67
124
83
33
-126
463
80
81
92
130
48
-8
96
14
23
41
133
-158
-53
-503
75
51
2
-5
89
-56
-143
-187
-26
-237
-42
-71
119
-237
-20
-7
1077
749
-50
-97
-104
-79
-122
-11
14
-73
-2
26
-425
108
109
1772
57
94
58
-42
224
-33
83
153
60
-480
-132
48
389
9
61
-389
46
-330
-34
-12
268
-146
80
-76
13
90
234
-1496
84
76
53
-92
80
-63
34
-36
107
-189
50
-173
239
-111
-116
13
94
-176
13
-1
99
211
53
102
-15
124
-28
-219
-166
74
13
95
103
38
256
-15
67
-78
-115
125
55
-69
-309
40
59
-57
-95
43
106
-125
53
30
-181
0
58
-160
7
32
-49
34
58
-18
-31
-173
-74
109
-304
-33
-131
3
-162
134
31
142
-85
-166
-392
93
99
119
-40
104
-37
57
3
-177
-376
-224
747
118
-30
10
-197
-28
609
212
-57
-75
-68
39
-88
-61
90
-88
-111
-101
151
108
109
-1723
-18
268
-38
19
1054
-106
179
65
-13
143
-14
-68
-109
84
-14
-54
60
11
37
-61
-26
-221
-122
113
-2
-3
-16
-70
7
-75
-165
67
81
-126
-16
-153
-120
74
-102
49
23
-110
-673
-284
-5
-87
-129
26
-45
22
8
30
166
82
445
34
-94
1239
-152
-119
-85
-207
163
-81
-121
57
125
124
79
78
60
-20
47
34
55
163
-26
83
38
-33
-125
63
-39
-544
105
-70
39
167
-248
38
31
236
96
-2
-2
137
-303
-12
162
-10
58
-403
54
-69
87
-144
-78
93
61
85
132
72
-82
4
32
-29
26
-33
-915
-134
-38
-259
214
-40
-55
-307
110
-54
170
-87
28
87
48
213
59
17
-156
16
111
-134
20
-87
179
49
25
205
26
96
24
112
77
-9
-20
168
71
-46
-95
-15
-168
-57
160
-41
149
-25
20
-194
205
102
138
79
16
70
67
58
190
601
-57
0
-852
-107
-41
24
124
65
-9
-95
15
-23
-17
43
41
-36
539
90
-60
11
-16
49
-1219
-216
188
260
-197
-23
83
31
42
24
48
66
-114
16
-34
216
12
62
-121
16
-35
3
91
-54
-230
110
117
63
39
-156
-189
36
58
-113
26
-97
179
609
-95
-179
14
336
-1
-605
106
-164
9
-53
54
-152
60
67
-53
-105
59
-92
-439
-88
-333
-54
1
111
-82
-100
23
66
-57
70
20
182
-215
-138
-45
15
68
41
75
-47
15
138
-99
88
116
1
5
-100
388
148
55
-220
123
-147
78
33
-97
82
-281
-116
-206
143
70
-52
211
210
110
21
-17
247
-20
231
218
88
3
37
225
186
122
62
-338
-22
-107
34
140
-81
-11
-38
-5
89
131
-407
-207
-217
-104
-20
-63
25
30
-89
67
-71
-140
-19
88
145
232
-7
153
459
-110
92
-1057
-492
-1255
-52
105
127
-238
66
53
-98
-142
-59
52
4
-44
-30
829
-23
-108
-99
-60
43
-131
16
87
61
148
106
1909
-127
44
62
-722
72
-128
-910
59
-477
78
71
30
-183
239
105
109
-39
-49
-84
-112
126
54
1815
-98
110
96
67
22
137
107
-67
-472
43
118
-23
-35
7
-35
-84
126
-39
534
-9
-86
17
-128
-92
-12
58
-3
-56
-155
-7
-126
-136
-37
-9
-846
-19
0
-186
119
90
17
-64
24
-18
172
304
127
-20
-122
-59
60
89
-135
1
-127
106
5
-7
-83
61
200
-86
18
233
190
140
70
-20
-17
2
104
125
94
24
81
-2319
630
63
29
-48
-45
117
266
63
-16
-343
25
-187
-31
120
-695
89
37
104
115
-70
-79
123
237
80
73
-68
41
-10
-70
941
173
-24
-33
57
5
-37
31
537
3
78
165
-30
42
1021
-79
-17
44
190
-42
-77
-373
581
-40
69
37
-895
25
-7
42
44
155
49
130
-21
-133
-59
-2
109
-165
432
-150
43
128
2
-64
39
44
71
637
3
235
-172
150
36
137
85
-130
146
-93
-921
93
-387
-273
28
-43
-41
64
164
-516
2
0
17
254
-7
-419
-41
-19
6
28
-3
-136
-72
-63
-73
276
12
-313
-23
21
-134
2
34
-8
-65
-116
44
-36
-78
-59
-347
132
-96
58
19
52
25
47
14
-14
-64
27
31
12
39
-125
185
-41
-1302
-61
-154
48
-62
61
-173
-92
401
106
-201
963
-145
-125
-44
38
35
-73
-34
41
-193
-33
-161
23
-82
147
116
98
34
-182
-82
-61
-136
49
-94
25
63
262
30
12
-47
326
-52
163
17
62
-88
-18
-131
103
72
-143
51
-33
21
35
-92
57
-64
-158
94
-118
13
186
-87
-18
-106
-66
-219
-138
-76
392
-115
52
-68
13
804
274
-1939
-136
61
-100
25
12
-103
-123
156
-9
36
-311
93
-110
122
4
92
-7
60
-548
-36
27
-83
491
-78
25
20
-148
-17
146
995
-87
-40
15
-153
-127
243
22
862
-162
-81
-127
140
-5
-120
-129
-179
-21
116
163
-75
5
-370
-58
-130
-19
38
6
31
41
124
-91
-13
-48
-114
-40
-30
29
126
11
-72
-72
-28
-20
-101
-1628
75
-192
-43
104
83
44
-61
541
3
-82
-55
-35
-61
-189
-9
15
51
-276
29
-39
176
52
96
68
-58
-15
51
404
-276
-9
145
-61
-454
16
31
-1434
-125
94
45
-34
-68
-474
-158
192
343
-46
-7
8
1143
56
610
291
-225
-177
46
368
-2641
-37
45
150
100
-303
-20
120
-93
-87
-147
68
-93
-45
-231
-33
-45
602
193
49
-107
-13
-98
163
6
-132
141
-10
79
-76
-21
60
198
-163
-128
-51
-61
70
-40
-32
-83
-13
142
595
164
-85
-591
17
-187
38
-45
-106
-87
-13
652
44
26
188
51
-110
88
-34
-418
26
-138
-520
46
-162
38
98
33
87
-88
24
34
-99
-123
161
54
299
56
1546
-115
-127
35
12
145
-131
89
61
22
95
109
-5
-383
-71
-73
82
43
-178
-127
27
50
-191
126
128
13
122
169
34
105
234
-847
21
-190
80
-42
-30
-145
-582
6
65
30
-222
749
0
-40
-758
-15
111
43
-78
3
41
-49
-167
48
-127
-170
137
-34
-12
79
-113
76
-105
-86
35
25
337
119
77
-503
121
-86
-19
233
47
282
-57
-2
-71
-96
71
41
55
-71
235
-40
193
-195
-226
365
-116
34
139
128
90
1
-14
52
30
33
116
23
142
28
52
95
15
139
9
-74
84
67
53
-273
56
-68
194
112
-27
95
-57
80
22
-54
87
54
206
606
61
-366
-65
141
-75
-124
28
159
-12
-192
163
-1278
48
74
-90
170
318
-108
-639
-513
129
8
114
-228
-70
-44
-148
-72
-38
80
97
-31
9
-86
-75
-5
-138
-250
69
-89
9
-70
0
-40
-70
111
-129
74
311
176
-1259
103
-180
-22
-7
31
51
-14
-45
23
2
33
25
119
-55
-34
-52
177
94
-24
-182
-476
-112
-105
-50
-363
-91
7
31
-43
-323
-37
98
-78
-47
-18
-308
-17
1542
89
32
-34
1023
176
-72
122
56
125
-93
-18
339
-110
-73
63
-20
46
94
-119
-75
16
-145
-148
-43
-60
181
-18
425
-97
184
-309
34
-73
-15
-58
-1242
45
57
361
-188
-242
413
363
82
471
-18
114
-56
-85
-294
356
-383
32
11
-66
-219
65
-89
61
141
-79
-45
9
-71
-84
-316
-54
-161
80
-129
90
13
-613
-56
368
180
-60
-175
347
127
105
20
-89
-201
78
-71
-109
45
142
-84
72
-89
167
21
746
-717
0
-91
-75
56
-101
-30
70
218
-68
-111
20
33
-13
-230
-85
6
1219
-10
-131
69
-8
95
-806
542
207
-46
41
-15
-45
-180
1653
-995
-42
-244
-89
-76
-115
-108
-278
-213
224
-32
-130
-6
-4
116
-328
-252
99
273
-15
1
-75
170
-103
-61
0
-88
-27
180
74
93
-101
165
-47
-37
-66
-6
189
-123
80
-103
-739
-61
14
-74
-56
81
-57
-43
-289
227
-6
-3
-106
-42
-138
-76
80
71
152
51
-95
298
-123
651
37
69
134
64
83
100
308
12
41
-45
37
21
-352
193
32
-23
-236
85
21
70
-19
-153
-152
-74
-63
178
54
-39
75
11
207
-15
8
294
207
-174
-26
-103
-174
81
-552
137
277
199
-23
-111
-92
-549
-108
99
214
88
-97
-155
95
-37
684
55
79
30
117
537
-546
83
88
-3
5
-25
-19
-100
82
-570
-32
90
92
34
-48
94
41
-89
-49
60
-299
10
55
93
85
179
-43
-596
10
-48
-10
-57
-67
79
56
-232
80
46
-23
-155
17947
-750
147
7
-120
440
17
201
84
80
93
-178
126
-28
-948
-239
-61
-14
49
51
98
-35
215
-856
-688
-21
-55
-45
-268
-482
-81
-69
-34
-21
150
-100
-16
-157
281
484
154
-30
61
-135
30
-61
300
-78
150
-724
178
66
186
109
40
-44
269
-78
36
207
-3
-100
109
82
-57
-71
-17
-92
129
46
73
165
109
77
39
633
-136
193
97
47
42
-166
-99
163
309
195
-49
-50
0
68
-129
-68
120
41
-35
285
-471
-135
-294
148
52
197
-93
68
-35
60
169
-72
-85
27
-139
-6
-93
150
72
27
-94
-217
68
26
855
-9
-24
-612
-209
-47
55
-316
-25
310
270
116
-42
-86
347
28
-29
79
1441
2066
-235
334
126
9
-121
30
12
-60
-159
76
-115
213
-144
95
310
-146
132
-18
-35
279
270
-152
-226
64
46
43
414
-66
-38
-31
-45
161
-718
45
202
-516
-99
3
78
-285
103
-229
165
229
-2
42
38
50
272
115
369
4
155
116
16
-59
-83
6
144
-120
11
-31
101
223
27
138
-136
61
-2
-225
41
-11
-237
76
15
-23
-131
134
-37
-3
-216
-87
-413
155
90
-87
70
-26
-801
99
-95
-56
173
-81
-128
-137
-236
44
1404
41
3
36
427
32
36
82
-38
-53
-36
-38
-45
3
-173
-82
-108
-982
41
-218
-125
8
310
251
-3
3
-99
-71
-46
338
180
-242
12
65
31
-81
-143
-111
86
-35
288
106
25
-10
116
-70
-36
122
-453
463
-21
133
245
32
-28
-155
-194
19
-89
2018
40
-38
207
-35
52
43
165
-36
-190
82
38
-348
60
-76
77
-301
182
166
-723
74
-341
73
-1157
-55
59
-48
-125
140
9
9
-277
73
43
-166
56
81
44
23
52
77
-248
148
-402
22
-4
-87
130
33
47
62
-94
-31
71
164
-373
7
256
6
-8
-14
-127
125
144
194
118
-86
-12
-49
5
-572
31
-106
-37
-53
-39
-83
108
-909
-102
-229
-56
-204
2
41
-177
181
118
52
-3982
32
326
180
30
-99
-36
-123
5
162
-34
334
85
-81
-400
69
866
-20
389
-73
-42
-108
77
253
312
295
-62
4
-80
68
12
-22
-119
-26
-68
107
-166
-55
102
-143
66
-39
-49
-130
-64
116
16
-138
-51
-702
419
-18
-271
-49
-141
191
46
5
51
63
46
-49
-64
15
-468
123
26
159
-27
46
159
-119
-48
40
-264
16
64
245
-174
31
-71
-5
-105
4
164
35
-781
11
202
-158
68
-56
12
-514
2
-4
97
-122
-754
133
-37
-2
-102
-56
-34
-194
-54
65
-62
-516
-31
-248
-257
-86
88
-16
-55
-110
-1
41
-1
11
15
-190
345
59
-1140
-12
65
138
107
-107
-56
-71
-598
-84
159
-12
20
45
66
-1
-414
87
-3763
-32
36
25
61
-206
-62
-77
6644
120
69
106
40
-128
42
11
-17
136
15
146
-17
-159
138
-4
48
-245
-53
-761
-29
7
18
101
-143
340
169
424
-19
62
33
176
214
85
-3
71
-137
40
25
26
-29
-104
81
-150
155
-60
-41
-40
1114
88
80
-250
-92
10
-16
-140
70
-342
-24
0
-50
-59
-100
5
46
-162
163
-32
42
128
44
-166
85
76
74
-68
34
-7
-112
102
60
56
-54
109
277
-55
-980
-59
-40
-33
70
-174
-75
124
142
281
21
4
139
57
59
-82
