exp 9
-214
749
-47
-157
469
-36
-17
-619
-151
-58
-97
116
-233
-150
-2976
367
224
120
-251
-754
115
87
853
77
-42
-7
16
395
426
167
16
-133
358
92
47
169
-272
377
257
89
167
45
-164
137
-94
66
123
51
-61
-194
-17
69
179
72
440
-99
3302
44
-800
47
7
79
4
-70
190
89
121
-183
385
-56
-168
-107
-88
-66
-27
-151
-6
-180
72
-8
71
-1
-175
248
-217
-136
212
-83
46
-168
311
243
88
166
-20
-145
-68
195
-21
-275
170
146
-212
-66
-77
0
-27
-24
-103
-45
-76
127
-30
-54
-85
-243
-26
40
151
157
-26
123
6
319
-223
286
37
85
-123
-141
-75
-130
624
143
84
53
142
3
15
-12
107
-50
279
-924
-13
-20
-153
-91
490
137
65
96
-114
1376
218
-780
37
-29
-11
-87
35
-289
-47
13
182
26
-123
-54
-12
126
22
-93
3
-283
-87
481
174
-88
36
89
7
5
1
-226
26
-77
-68
5
134
43
-43
369
-1
378
-31
14
67
-76
19
-182
-160
-131
32
17
-64
-92
35
4253
199
40
-131
230
-217
-190
-129
-25
73
-60
-104
22
2315
59
184
-165
3
-280
40
-79
189
-303
230
33
-84
-88
144
16
-283
-54
-527
-150
-115
24
55
193
-20
163
-58
-221
23
-115
-262
177
-169
-2713
-24
104
9
-78
-68
-52
-89
4
24
57
100
-66
82
138
177
-539
26
-305
-157
-96
151
208
233
120
-303
164
-361
-140
-524
94
55
-65
57
115
115
163
41
-83
58
-141
45
73
-363
92
-142
256
23
4
62
405
164
-370
203
-9
-122
-195
-2980
91
4
-389
-659
-97
96
-131
-8
50
254
43
122
41
-7
91
96
74
43
21
5
-110
-36
-93
253
-136
10
-117
-18
-137
-508
68
156
-53
-159
198
-172
-74
-144
88
-33
133
35
143
-64
-408
-50
-34
-1061
28
131
-145
323
136
-108
3
-84
46
121
-371
-20
4
-500
83
-179
134
164
203
77
-10
-73
-69
133
1391
912
-129
-39
94
135
-500
106
-161
16
-132
147
88
-40
214
25
53
66
-76
-306
47
-47
-145
-17
-57
45
-272
20
-147
-187
-752
166
83
32
478
22
-159
87
48
-12
-775
103
1
328
-26
105
40
89
98
12
-159
799
-49
-21
-218
105
-402
139
1239
91
-215
62
785
-184
-69
-88
98
275
61
-51
2292
-252
-49
32
-12
-175
68
-291
7
63
1649
-182
41
8
1441
69
-94
12
195
-51
-95
54
3
-55
252
86
36
191
52
-110
-117
168
144
82
-164
132
-10
11
-64
-51
-140
144
162
-106
-32
2
35
-487
59
359
-120
-25
83
124
153
-28
-160
-23
118
323
8
-217
-234
-184
229
86
856
-196
185
-55
313
49
-94
-653
-117
36
-41
-88
-119
-193
256
27
152
31
-107
134
-319
-83
75
-276
39
-96
-27
5
-251
267
-59
628
-225
-2
-405
130
225
579
137
58
-6
55
97
35
133
114
-40
26
-81
69
-28
-56
98
-226
166
-14
223
-86
-1503
-313
0
28
-28
-99
-109
154
124
-205
70
18
-53
-52
-85
-364
327
-10
64
389
11
-125
-305
308
-26
-224
-57
-690
52
9
194
-41
-200
96
180
172
306
-111
32
110
203
-129
505
-37
98
-56
-122
-120
76
-200
-61
-14
-724
111
-212
39
275
111
-942
-196
-36
-44
107
79
812
37
-236
-95
75
87
154
129
62
112
35
-26
-150
178
-240
-198
-44
-754
-207
-68
-81
-131
28
-68
53
-32
-38
-87
-63
-36
-613
-156
35
-112
-87
327
263
92
36
143
-257
78
518
48
-385
6
-176
144
-663
155
63
-244
-44
-84
165
95
206
-58
-41
-75
-12
13
1137
154
188
84
207
39
-967
-728
-15
-157
29
-306
-78
46
213
124
32
-1002
-1109
-80
-654
286
15
-93
81
260
89
-223
120
-98
-121
740
1
2258
-119
-6
-21
-253
299
103
220
27
-73
-41
79
159
111
-105
67
392
102
194
-471
87
296
-155
-46
-67
20
98
1472
75
79
123
168
-92
-222
-91
-78
-104
-10
233
79
-231
30
658
-202
-170
-158
-206
-597
115
-135
67
-35
-3
50
-293
76
32
7
-227
-47
-29
160
-198
-168
-27
11
-34
89
24
-66
-62
-82
143
-232
258
-173
56
1
143
-51
-715
-44
165
-170
-37
-493
27
114
-11
-50
-31
-85
-358
14
167
-81
-18
-38
128
-24
20
-78
86
93
25
11
10
41
-9
-100
76
60
-112
171
-50
-10
-337
24
-105
-105
108
42
-9
-56
42
72
2
110
-2
-279
-32
-58
335
69
14
-234
47
78
-620
-61
-38
8
-43
72
31
263
-223
-17
-114
-3
-147
50
35
-343
-42
-79
137
96
-21
-741
22
108
-206
-54
72
52
-234
205
7
-31
-73
41
79
-433
289
28
-545
-40
-192
27
-876
-185
-3
-29
-126
361
120
7
-125
176
269
124
211
-33
41
111
78
318
32
91
108
-18
-35
-15
121
301
-778
336
-1372
-83
41
451
-52
42
5
891
337
85
695
-9
40
-128
-115
-415
60
-25
-574
197
-62
-36
-31
137
91
261
-140
-84
-409
-173
-140
46
-26
160
76
28
4
11
55
209
700
249
122
29
0
-89
-11
73
0
84
89
64
-128
-126
1040
93
43
18
0
185
-70
-63
-75
109
347
86
-121
-378
59
337
-369
195
114
160
-248
-95
61
-333
19
-35
-203
-34
-140
577
362
-42
-1001
-82
82
246
61
700
77
8
-184
292
210
87
257
55
128
60
189
-89
-32
53
-1
-49
30
-82
54
90
-308
-98
-155
-141
-41
97
-73
78
316
-40
83
444
-138
-172
-27
-376
-144
216
81
-91
216
93
-104
-31
-141
4
9
-353
80
-186
-99
-177
244
-521
167
133
-334
240
65
233
-116
-26
-127
141
-165
-92
-220
85
-97
-101
153
-76
-45
-207
153
-58
45
-77
475
161
168
-36
-39
81
-72
65
14
83
399
-82
-27
-235
102
137
-158
124
19
-150
205
19
28
27
-25
203
48
118
166
9
14
235
273
128
-35
-521
414
175
-405
-84
124
-69
6
286
6
-98
65
65
-14
81
153
157
123
-177
107
127
26
-43
-28
159
-112
179
-17
-189
-695
-12
118
-3
-223
-107
103
47
-39
254
-206
-42
-212
104
-93
114
-40
154
-198
72
45
19
-89
100
95
1111
185
-267
131
72
143
19
95
-19
148
0
125
84
-103
418
-392
136
-108
0
-37
-86
257
-59
-121
-699
233
142
109
-163
-103
5
-186
-15
-277
1
84
-260
280
-85
-201
116
-88
-103
35
-44
74
59
-9
210
16
84
15
-20
18
-71
53
-150
-94
-71
235
-5
-585
-171
-52
-169
-141
1
957
-5
-1
412
6
-227
-65
1111
-49
64
605
203
-1
-231
159
60
100
147
177
349
75
-40
73
165
-25
-183
-91
182
43
31
64
-325
95
-129
52
-114
341
19
-47
-42
98
-25
79
-56
-185
67
-104
-56
-44
-160
24
-130
182
213
39
271
-86
32
-162
96
95
135
19
-237
-483
-35
-22
114
-1061
36
-124
107
-217
-13
1
-68
-112
-549
-100
-2
-112
-729
253
362
23
51
267
-466
128
-138
136
353
-279
690
-42
-111
55
187
142
304
162
402
160
-241
99
55
73
95
13
107
-160
135
-29
228
-17
38
-36
-164
217
-149
-56
43
-30
33
-64
21
10
-58
73
-271
-298
-127
44
694
-8
179
48
-31
221
140
126
15
157
236
-54
115
-52
-22
360
-82
90
-17
60
155
178
156
-179
-180
110
-148
128
-333
22
13
-177
-75
101
113
-80
-202
44
90
-170
249
-41
23
24
156
174
-67
-37
149
368
154
93
-84
-29
58
366
29
52
111
4
-3
208
68
23
-25
-402
-315
43
49
73
47
-108
-5
150
40
-59
34
-452
368
-48
30
-82
103
230
-184
-397
-47
27
57
81
6
166
-19
93
0
188
-272
245
15
-144
-993
2032
-27
737
103
-29
74
-142
53
207
-41
-59
-87
-64
-291
-98
55
51
221
222
-99
5
46
65
-60
814
-27
-90
-179
175
-18
-144
15
988
77
33
-243
9
-138
-852
-37
50
-381
-519
71
273
285
-60
-75
-119
-144
10
-54
65
94
83
-274
-111
-176
-773
222
449
-673
-162
269
78
207
-78
209
124
-1200
88
-144
1
76
66
21
264
-111
108
657
52
-198
78
51
-680
99
-168
172
-171
-337
316
47
176
103
-130
1036
50
-848
-234
428
46
35
-38
163
116
-57
-123
-226
90
-105
-138
88
-364
-14
88
-113
-208
88
-134
-165
-49
-121
-78
78
-158
9
267
-180
-13
-50
-16
460
147
209
123
-14
-39
-256
141
217
-4
-94
-156
-337
18
149
154
-31
20
-51
-84
-7
44
249
222
-164
-82
131
-90
321
-12
66
39
-13
537
-38
150
161
-85
29
-21
1
-13
105
-169
91
228
108
201
51
-47
48
73
-136
-143
58
-125
-48
-186
110
367
-38
22
31
-122
310
-198
-63
23
-63
25
-206
39
93
-399
-142
-176
-659
135
-5
174
-51
581
122
70
121
-20
-544
308
-257
70
122
-1007
-231
-65
-134
-11
41
45
139
-19
147
-47
21
186
-78
-88
-62
-119
47
154
129
-50
-6
7
185
-33
-215
-188
-200
64
-45
-274
110
6
74
-43
-177
60
1109
112
-19
184
-47
-162
117
-22
-26
21
437
80
-32
123
33
-459
8
-230
64
70
158
41
-199
51
-120
165
81
-139
-113
189
165
1
57
-91
-32
38
30
384
-49
140
-79
-156
-33
30
3
-79
457
79
75
-112
-159
308
81
-182
-105
-61
124
19
-83
-43
-42
-140
-140
-54
-151
-37
-635
-47
-174
-180
-114
64
-266
34
-424
131
12
123
143
49
-155
352
59
45
112
161
98
26
107
26
99
54
151
-187
-102
-666
101
62
-19
15
98
-41
-99
-225
-13
-257
-45
-70
124
-287
-27
7
1200
867
-67
-85
-105
-128
-181
-56
17
-73
13
97
-444
175
126
2012
42
127
41
-140
361
-33
54
196
-17
-576
-125
10
293
-12
87
-408
28
-374
-25
-16
294
-180
19
-74
45
169
246
-1628
102
88
64
-103
122
-21
0
-37
140
-193
91
-217
213
-154
-122
17
144
-230
5
27
171
290
34
105
-16
112
-78
-252
-266
105
23
151
131
-14
268
25
118
-118
-94
106
120
-170
-331
81
72
-115
-117
49
142
-163
73
72
-190
-28
60
-172
30
55
9
63
51
-4
-31
-188
-107
150
-339
-49
-155
52
-159
189
27
161
-74
-179
-426
169
139
152
-64
118
-36
54
10
-282
-429
-269
891
106
-45
71
-223
-30
657
230
-57
-108
-75
-22
-125
-47
42
-67
-149
-124
173
109
113
-1937
29
335
-48
48
797
-134
173
112
-43
218
-21
-39
-140
142
46
-76
91
39
70
-28
-12
-254
-168
144
41
20
15
-94
57
-101
-200
31
116
-147
6
-221
-135
93
-32
36
10
-163
-770
-304
-19
-110
-206
40
-41
17
30
17
204
66
429
137
-86
1284
-262
-159
-86
-229
151
-69
-135
103
154
183
138
28
104
-17
13
8
69
181
-75
73
108
17
-162
131
-83
-694
173
-101
24
228
-368
33
20
273
113
11
-4
195
-364
-30
193
-31
138
-491
68
-56
104
-180
-64
131
72
109
144
91
-139
22
79
-18
8
-57
-946
-192
-84
-292
242
-87
-113
-404
138
-39
205
-90
48
97
10
230
74
45
-187
-18
114
-160
6
-157
106
67
12
247
50
162
0
63
83
-20
8
215
89
-51
-86
-36
-197
-114
186
-93
257
-31
-10
-235
184
118
208
89
16
45
74
35
234
719
-33
-67
-973
-114
-88
94
150
124
-42
-119
46
-46
-82
53
39
-53
661
140
-54
-11
32
36
-1431
-215
214
271
-204
-29
135
-3
59
20
36
113
-154
34
-42
257
30
77
-138
71
-36
23
58
-66
-242
178
108
105
7
-200
-220
54
45
-128
12
-188
204
360
-92
-211
103
413
0
-560
87
-169
15
-100
111
-173
85
88
-61
-67
69
-79
-495
-115
-397
-89
43
207
-65
-64
7
115
-52
73
87
238
-292
-242
-37
60
91
65
116
-77
35
175
-134
107
231
1
28
-76
433
246
106
-344
162
-185
95
72
-126
97
-319
-143
-230
141
44
-10
247
260
194
69
-50
294
-44
245
297
91
31
57
246
198
156
51
-350
-26
-127
51
162
-105
43
-22
21
103
176
-480
-240
-259
-100
-57
-96
-8
46
-88
95
-122
-221
-69
116
193
161
-24
242
381
-160
119
-1231
-562
-1627
-20
87
136
-348
50
136
-169
-207
-90
42
4
-20
21
920
-46
-167
-160
-66
35
-141
-24
89
80
175
90
2232
-213
26
93
-832
67
-215
-944
63
-511
51
78
75
-219
327
112
170
-101
-82
-87
-179
143
92
2087
-106
196
199
75
26
151
108
-67
-534
4
125
-25
-73
1
-24
-103
205
-49
442
-70
-99
0
-154
-99
12
104
42
-53
-214
-42
-150
-160
-31
-69
-973
24
-37
-178
117
130
33
-49
18
-33
210
345
112
-42
-117
-89
25
90
-112
11
-196
162
43
-23
-149
57
229
-98
36
243
241
148
69
-16
-43
12
115
164
118
-29
90
-2601
721
89
32
-34
-61
118
344
66
-7
-405
76
-193
-27
133
-815
167
5
41
189
-55
-86
126
285
103
44
-83
33
-25
-120
986
297
-17
23
62
14
-39
98
581
23
91
193
-7
77
1051
-52
-45
61
249
-37
-118
-405
605
-12
124
61
-1408
35
1
78
36
259
85
149
-19
-139
-31
-32
155
-226
538
-211
68
146
16
-128
50
85
153
770
10
272
-196
156
53
220
157
-143
131
-101
-1052
102
-451
-289
83
8
-57
41
158
-644
24
54
23
276
29
-497
-18
-34
4
46
-12
-191
-45
-129
-104
322
-26
-349
-75
10
-140
-82
-19
-28
-105
-123
66
-2
-104
-67
-290
154
-126
83
-16
17
54
67
-7
0
-57
30
85
73
41
-167
231
-112
-1648
-83
-154
56
-85
71
-207
-105
256
188
-257
1366
-186
-201
-57
66
12
-110
10
58
-196
-42
-156
-23
-131
207
119
127
87
-212
-124
-158
-177
59
-105
76
63
277
57
8
-60
365
-104
159
23
96
-66
-1
-160
187
110
-136
73
21
30
84
-141
107
-77
-168
140
-149
47
175
-116
1
-194
-69
-257
-195
-119
530
-166
100
-118
15
799
303
-2196
-162
106
-136
36
26
-101
-158
194
4
21
-376
182
-166
110
18
122
-10
22
-643
-37
83
-99
556
-81
4
53
-173
-12
165
881
-119
-75
-14
-141
-182
303
29
1030
-222
-131
-201
173
25
-129
-165
-255
-103
159
145
-90
-19
-437
-11
-113
19
13
-6
44
28
152
-80
-45
-105
-147
-103
-50
58
184
34
-73
-97
-40
20
-145
-2260
106
-228
-58
118
156
101
-108
737
53
-145
-43
-72
-123
-255
-7
35
48
-464
37
-70
233
26
80
74
-50
86
51
453
-266
-58
146
-73
-490
74
63
-1561
-108
77
4
4
-58
-546
-194
226
422
-24
27
-20
1066
44
669
322
-240
-206
95
400
-3486
6
63
181
170
-338
-40
110
-55
-95
-209
108
-104
-37
-264
-1
-88
638
177
102
-90
-40
-84
155
0
-183
176
-29
94
-49
-21
63
241
-161
-241
-72
-30
56
16
-54
-115
17
269
638
244
-160
-660
-12
-273
73
46
-108
-126
-16
749
101
25
222
73
-134
81
-68
-407
81
-112
-590
23
-255
104
175
43
129
-108
45
38
-124
-153
214
78
317
121
1794
-92
-53
31
-19
152
-171
107
87
23
144
100
-11
-480
-71
-51
47
66
-211
-174
6
22
-220
137
148
18
149
237
24
192
299
-781
0
-189
166
-40
-34
-176
-678
21
120
13
-266
735
-10
-43
-887
14
98
112
-132
30
49
-60
-157
66
-151
-225
136
-49
-80
78
-104
187
-146
-97
45
32
454
137
99
-632
199
-129
10
271
63
346
-50
9
-89
-81
48
46
27
-99
265
-106
201
-279
-259
225
-174
37
154
142
142
10
9
26
-12
34
108
69
162
12
84
162
56
160
7
-90
33
112
92
-353
58
-69
234
89
-59
88
-45
121
7
-90
74
122
222
681
71
-406
-84
167
-62
-168
13
234
-64
-225
258
-1490
93
68
-158
192
305
-87
-884
-479
117
-28
103
-207
-84
-83
-167
-53
-78
107
96
-35
10
-37
-67
-18
-179
-298
132
-99
0
-45
5
-47
-141
188
-184
85
321
262
-1399
150
-205
-41
32
67
88
-9
-131
-66
-13
42
47
155
-55
-50
-75
249
151
-74
-183
-586
-112
-175
-60
-386
-59
7
18
-73
-355
-31
67
-61
-61
18
-278
-45
1683
97
101
-37
984
214
-90
175
74
166
-71
6
228
-122
-119
52
-95
0
58
-214
-115
68
-180
-205
-29
-100
193
-44
313
-109
216
-372
29
-66
-55
-35
-1410
73
39
414
-171
-322
520
374
123
399
40
147
-50
-45
-307
387
-460
89
-19
-103
-282
7
-141
42
106
-142
-42
-25
-67
-136
-375
-72
-210
133
-164
68
43
-702
-56
422
174
-90
-176
418
123
167
17
-120
-170
83
-99
-135
30
143
-31
82
-158
234
21
606
-851
-15
-158
-107
76
-164
-64
122
229
-140
-146
79
-21
-53
-315
-133
6
1398
-7
-207
94
7
45
-853
720
157
-38
44
24
-57
-188
2071
-999
-66
-281
-135
-75
-95
-121
-278
-231
214
-55
-198
-9
-36
155
-444
-276
108
277
19
21
-186
202
-99
-90
36
-65
-68
202
101
137
-139
57
-17
-41
-128
-31
222
-163
90
-99
-906
-56
-58
-27
-32
123
-45
-67
-343
238
-11
6
-114
-46
-141
-93
160
130
185
125
-138
400
-184
739
16
119
165
46
92
101
363
60
54
-94
58
-9
-402
195
5
-45
-240
113
-26
101
-5
-234
-172
-112
-69
215
56
-23
77
-25
239
-37
-3
317
199
-194
-133
-180
-223
145
-342
202
359
208
-25
-142
-119
-529
-139
140
206
121
-91
-214
113
-79
838
58
60
2
164
606
-638
129
101
64
-3
-59
-40
-59
99
-582
26
137
183
100
-29
111
34
-133
-84
84
-284
34
28
133
150
189
-98
-351
3
-25
-34
-47
-82
51
56
-308
66
59
-20
-196
23722
-825
214
4
-157
520
-6
189
94
146
104
-206
170
-75
-1058
-292
-85
31
48
83
126
-41
239
-674
-809
-35
-40
-75
-157
-587
-132
-84
-13
-34
180
-132
-34
-212
294
522
212
-71
57
-150
87
-72
401
-122
203
-757
203
84
212
150
91
-59
295
-118
46
234
14
-136
136
86
-53
-35
-32
-73
173
20
28
235
117
131
60
644
-144
240
127
51
94
-241
-133
184
360
264
-50
-73
72
72
-119
-95
162
19
-68
337
-373
-186
-364
169
59
219
-120
76
-29
103
156
-121
-113
100
-177
-23
-111
201
73
6
-80
-225
96
-28
950
1
11
-539
-277
-42
31
-355
-32
321
390
175
-54
-129
364
58
-48
138
1670
2442
-233
380
130
27
-115
13
15
-36
-249
112
-170
230
-104
137
406
-147
169
6
7
321
319
-190
-379
85
4
78
455
-92
-93
-80
-67
177
-927
48
211
-541
-113
15
87
-308
95
-247
172
277
27
52
27
46
291
167
418
4
209
98
14
-56
-51
27
131
-134
20
-55
93
278
16
199
-185
87
-15
-213
41
-59
-332
64
17
11
-170
196
-71
-2
-278
-71
-772
216
113
-92
92
17
-1102
124
-204
-94
200
-28
-113
-130
-258
110
1609
75
18
33
496
56
31
136
-78
-52
-57
-44
-44
23
-171
-109
-165
-970
67
-281
-136
-14
330
300
-27
-37
-174
-159
-65
388
235
-276
31
99
50
-62
-166
-88
70
-37
373
64
-14
-6
112
-120
-5
165
-490
500
-8
187
235
45
-2
-185
-216
69
-108
2222
83
-41
244
-56
34
87
179
-15
-303
66
5
-375
56
-83
62
-384
185
213
-838
137
-367
54
-1306
-112
127
-54
-146
169
1
51
-339
123
99
-222
19
64
44
19
123
54
-303
144
-467
24
10
-95
152
63
72
96
-102
-67
124
251
-382
64
308
101
-18
-17
-143
187
237
231
136
-108
-46
-119
23
-669
4
-138
-42
-65
-68
-83
143
-1097
-153
-200
-54
-302
-41
94
-167
271
176
95
-5406
8
371
229
-3
-140
-45
-132
74
255
-55
158
92
-91
-441
104
963
-26
472
-146
-16
-138
74
339
359
348
-68
-4
-96
35
74
-12
-133
-9
-70
110
-211
-41
169
-185
118
-45
-84
-197
-69
128
-5
-104
-69
-844
480
-40
-446
-91
-131
250
16
39
120
103
10
-51
-96
19
-526
228
28
241
-14
23
161
-155
-3
61
-352
-16
126
314
-158
45
-39
9
-123
5
214
40
-881
44
223
-204
110
-72
-20
-582
-19
-35
130
-163
-818
208
-35
21
-150
-78
-9
-234
-101
101
-94
-561
-23
-241
-309
-156
137
-30
-98
-128
52
80
-21
45
-16
-302
372
73
-1306
-58
64
173
151
-90
-67
-61
-695
-113
186
-20
30
36
48
7
-521
96
-5781
-68
21
36
55
-210
-52
-77
9036
156
91
174
47
-103
76
28
-7
223
56
150
16
-175
183
22
34
-279
-90
-786
-72
13
85
161
-175
380
210
506
2
52
79
217
219
107
13
78
-234
36
32
33
-33
-121
100
-144
190
-82
-43
-106
1538
141
102
-239
-89
-19
-15
-223
96
-396
-55
8
-101
-80
-125
-8
111
-160
265
-42
61
145
145
-219
110
79
96
-146
41
-15
-96
103
86
65
-36
155
430
-64
-1090
-94
-36
3
62
-241
-48
199
151
353
-14
-13
142
123
112
-130
