exp 8
-161
704
-27
-118
453
-27
-11
-605
-140
-41
-74
84
-165
-123
-2153
318
183
99
-223
-619
90
66
682
53
-36
-5
33
343
376
119
10
-94
235
56
35
107
-229
335
239
65
136
40
-130
109
-70
48
79
41
-48
-127
-11
53
137
66
360
-96
2804
32
-699
33
5
56
3
-51
136
76
94
-146
318
-38
-153
-69
-55
-47
-19
-120
-5
-133
51
-6
44
-1
-102
227
-167
-121
132
-50
35
-118
242
222
63
129
-15
-92
-52
158
-15
-245
128
112
-155
-108
-51
0
-18
-20
-74
-30
-63
91
-25
-48
-68
-204
-17
30
112
98
-20
87
4
280
-163
238
30
56
-97
-120
-68
-86
542
92
56
37
117
2
11
-24
86
-39
236
-817
-10
-14
-130
-58
425
99
41
65
-80
1203
183
-715
32
-19
-7
-63
32
-250
-30
9
150
17
-102
-35
-10
111
18
-75
2
-172
-66
426
122
-68
24
62
5
4
1
-167
29
-57
-42
4
95
31
-36
323
-1
390
-21
11
53
-67
12
-128
-119
-81
23
13
-49
-60
26
3237
160
27
-99
183
-192
-138
-95
-17
63
-48
-77
16
1719
44
133
-111
2
-239
28
-55
106
-223
147
28
-94
-68
125
35
-230
-44
-483
-108
-97
19
41
152
-16
147
-47
-179
17
-88
-180
130
-145
-1785
-14
74
6
-102
-46
-40
-179
3
18
41
77
-44
63
89
152
-462
19
-275
-119
-76
108
141
161
100
-202
133
-319
-119
-420
106
33
-42
44
85
82
215
36
-55
42
-94
32
59
-316
58
-90
209
18
3
49
344
119
-387
144
-7
-107
-152
-2308
71
3
-355
-720
-69
69
-110
-6
36
211
30
90
27
-5
65
67
49
36
14
3
-111
-28
-71
202
-93
6
-89
-12
-88
-464
53
101
-44
-130
170
-149
-48
-114
71
-23
90
25
129
-45
-350
-33
-23
-938
18
98
-118
302
115
-83
2
-74
30
93
-250
-15
3
-462
63
-114
114
124
163
59
-8
-66
-54
98
1107
844
-96
-36
76
99
-501
78
-112
14
-97
104
68
-28
133
19
38
49
-59
-268
35
-37
-126
-13
-42
38
-174
16
-117
-130
-735
117
56
21
441
16
-116
54
41
-9
-670
70
1
345
-21
70
35
67
78
8
-110
674
-29
-14
-151
65
-340
139
1110
67
-154
42
855
-145
-44
-65
73
173
51
-34
2031
-195
-33
23
-9
-139
46
-252
5
46
1408
-128
25
6
1272
44
-71
8
148
-39
-72
94
2
-38
213
58
27
140
36
-91
-276
137
131
51
-158
75
-6
8
-41
-35
-109
110
139
-77
-21
2
25
-397
48
308
-96
-17
49
103
115
-22
-122
-14
85
203
5
-181
-169
-146
167
57
688
-173
161
-37
205
43
-80
-525
-84
22
-26
-63
-104
-116
142
24
104
23
-78
85
-259
-67
51
-200
29
-63
-18
4
-319
244
-46
680
-189
-2
-349
110
159
607
101
43
-5
39
69
23
101
82
-33
19
-62
50
-19
-40
66
-191
129
-10
145
-67
-1103
-218
0
19
-21
-78
-77
102
85
-166
60
13
-34
-103
-58
-313
288
-7
52
250
8
-83
-215
250
-21
-142
-36
-623
36
7
125
-29
-128
85
142
114
240
-78
26
78
171
-91
437
-26
77
-38
-83
-86
58
-162
-43
-11
-658
75
-148
25
192
76
-772
-116
-26
-37
79
52
696
28
-187
-65
57
62
128
82
42
89
24
-19
-101
134
-162
-149
-36
-662
-151
-56
-56
-93
20
-62
39
-24
-26
-61
-51
-27
-485
-125
27
-84
-63
285
211
70
26
108
-186
47
501
32
-310
4
-123
99
-591
130
43
-188
-31
-55
137
71
134
-45
-31
-45
-8
9
1046
116
144
61
154
34
-924
-624
-9
-94
20
-262
-56
31
164
84
25
-856
-968
-70
-625
174
10
-81
67
221
78
-192
84
-65
-90
661
1
1633
-96
-4
-16
-216
196
71
224
21
-58
-31
58
115
75
-69
50
349
76
132
-719
72
255
-110
-30
-49
13
73
1445
57
59
100
103
-55
-149
-72
-61
-79
-7
141
50
-164
22
613
-144
-160
-123
-132
-565
76
-109
49
-24
-2
41
-175
59
23
5
-190
-36
-24
131
-135
-145
-21
8
-28
69
19
-47
-42
-148
106
-136
188
-121
41
1
122
-37
-622
-33
149
-112
-27
-457
19
73
-9
-36
-24
-61
-309
10
128
-61
-14
-27
81
-21
16
-65
176
83
17
9
7
116
-7
-66
57
48
-70
106
-36
-8
-275
17
-74
-85
84
30
-6
-43
31
56
1
83
-4
-222
-23
-52
375
48
10
-160
38
71
-559
-44
-28
6
-36
51
23
174
-167
-12
-82
-2
-123
42
24
-319
-39
-58
103
65
-18
-609
17
64
-164
-39
48
39
-202
143
5
-24
-57
28
59
-375
186
21
-506
-29
-163
21
-749
-123
-2
-23
-82
307
86
5
-77
134
228
80
134
-24
31
86
46
376
25
66
80
-13
-29
-11
82
257
-729
291
-1383
-57
29
467
-43
26
4
789
280
125
695
-8
29
-112
-73
-322
40
-22
-522
156
-46
-25
-18
100
71
213
-98
-168
-361
-133
-118
30
-20
128
65
19
3
9
45
125
659
166
77
21
0
-66
-9
52
0
71
70
52
-106
-85
820
64
32
13
0
155
-59
-46
-54
74
294
66
-85
-328
48
236
-302
134
87
114
-208
-66
45
-305
15
-24
-228
-25
-121
565
304
-32
-762
-58
59
184
45
628
80
6
-132
242
148
65
212
45
78
40
138
-229
-22
39
-1
-41
21
-62
33
83
-259
-67
-106
-120
-29
62
-57
59
248
-25
58
401
-94
-152
-17
-319
-117
139
57
-73
172
77
-80
-22
-116
3
6
-239
60
-131
-77
-122
208
-350
137
104
-311
199
42
188
-85
-22
-96
95
-118
-73
-190
59
-67
-85
110
-57
-32
-147
107
-46
34
-51
425
123
136
-26
-28
56
-47
42
10
69
244
-53
-18
-199
84
110
-96
94
11
-105
124
15
19
18
-18
154
35
99
126
7
11
168
236
82
-25
-462
380
147
-345
-52
105
-60
4
243
5
-59
45
55
-22
54
134
109
91
-102
78
99
20
-31
-17
107
-89
123
-12
-127
-646
-8
86
-2
-152
-81
76
36
-26
183
-141
-29
-193
92
-60
78
-32
135
-168
53
37
13
-75
72
62
939
155
-231
104
54
99
12
73
-14
102
0
92
49
-78
342
-360
104
-72
0
-65
-55
234
-38
-86
-505
186
90
77
-117
-77
4
-155
-12
-235
1
67
-194
220
-75
-151
83
-58
-97
24
-33
51
46
-6
135
12
54
10
-15
15
-49
43
-126
-67
-52
156
-4
-495
-154
-36
-118
-103
1
671
-4
-1
380
10
-186
-56
980
-36
49
540
180
-1
-161
134
47
73
122
120
307
51
-32
54
128
-19
-120
-70
122
29
20
42
-296
73
-78
49
-82
270
13
-36
-30
72
-16
47
-38
-124
41
-82
-43
-30
-113
20
-107
129
190
28
194
-67
24
-126
78
63
98
40
-187
-398
-22
-15
90
-902
28
-90
72
-181
-11
1
-52
-80
-466
-79
-2
-72
-737
192
314
18
33
236
-480
106
-98
82
308
-213
611
-30
-90
46
124
99
227
120
365
149
-193
82
35
60
71
9
67
-131
102
-24
155
-11
29
-29
-109
166
-107
-42
35
-23
24
-43
15
8
-119
66
-294
-250
-87
31
568
-6
143
36
-19
153
95
105
10
121
160
-37
89
-37
-15
407
-60
62
-12
41
118
109
99
-142
-134
97
-101
81
-279
16
9
-153
-55
73
85
-48
-157
33
57
-136
200
-29
17
18
118
137
-54
-25
142
326
115
62
-63
-18
45
256
19
41
84
3
-2
131
51
19
-18
-351
-275
31
40
47
30
-73
-3
100
28
-37
23
-396
324
-39
21
-55
69
175
-138
-383
-37
18
42
65
5
122
-15
82
0
138
-248
193
34
-96
-825
1625
-20
682
73
-21
84
-123
43
159
-29
-46
-64
-52
-232
-61
38
33
151
157
-77
4
35
46
-44
753
-23
-78
-220
129
-15
-105
12
894
58
25
-184
17
-100
-777
-28
41
-317
-430
53
245
228
-43
-52
-82
-111
8
-43
53
74
55
-210
-86
-131
-703
152
358
-608
-141
215
57
177
-58
146
101
-1185
165
-87
1
57
47
16
222
-79
78
587
44
-119
56
36
-632
80
-105
105
-130
-292
238
35
117
70
-88
828
30
-785
-231
353
31
27
-29
145
79
-53
-99
-170
56
-88
-99
69
-313
-30
62
-78
-139
67
-101
-119
-36
-181
-53
52
-120
7
245
-160
-9
-38
-12
486
110
175
79
-10
-25
-200
112
140
-3
-73
-132
-292
12
97
114
-23
12
-34
-66
-6
33
196
137
-109
-66
97
-74
278
-8
46
32
-11
488
-30
102
120
-57
18
-16
1
-8
69
-152
56
179
77
161
40
-39
34
49
-107
-107
31
-86
-33
-119
76
291
-32
15
22
-97
261
-122
-50
16
-52
16
-148
27
65
-410
-101
-156
-681
112
-4
138
-35
494
84
55
91
-15
-479
339
-170
54
104
-788
-184
-51
-98
-8
31
36
89
-36
103
-36
14
148
-56
-67
-43
-80
37
125
85
-36
-4
5
141
-26
-151
-153
-165
46
-39
-203
83
4
50
-37
-120
42
1391
66
-17
136
-34
-130
89
-18
-19
16
363
67
-21
89
24
-373
6
-174
42
49
132
35
-135
43
-84
122
61
-107
-95
139
116
1
49
-67
-24
24
21
275
-30
91
-71
-135
-30
24
3
-57
401
50
53
-86
-122
236
53
-110
-76
-47
103
14
-57
-30
-28
-104
-103
-42
-115
-27
-562
-35
-124
-120
-71
50
-242
28
-362
95
8
96
99
45
-123
484
36
86
85
125
84
22
95
20
72
40
115
-147
-70
-510
76
50
-14
10
78
-30
-67
-193
-9
-228
-34
-55
96
-268
-23
4
1104
784
-51
-70
-78
-86
-123
-37
11
-56
10
67
-385
135
87
1764
32
93
28
-97
228
-22
37
140
-12
-491
-105
7
372
-8
66
-379
20
-315
-24
-14
269
-146
15
-65
27
115
217
-1522
81
69
50
-79
84
-14
0
-25
106
-146
73
-181
175
-100
-79
15
117
-170
4
19
113
251
29
86
-12
74
-54
-214
-163
87
18
96
91
-9
252
18
86
-77
-66
86
74
-132
-298
66
46
-82
-74
40
102
-112
57
56
-166
-19
41
-153
20
40
6
47
43
-3
-22
-139
-72
100
-319
-43
-125
37
-131
155
21
123
-51
-126
-380
137
90
115
-42
84
-27
42
7
-209
-390
-197
797
89
-26
50
-157
-22
584
178
-44
-80
-56
-15
-89
-33
94
-46
-116
-88
134
76
87
-1763
20
281
-31
34
1060
-95
149
88
-29
174
-14
-31
-103
95
30
-68
65
33
49
-25
-8
-224
-146
110
28
16
12
-63
37
-78
-144
24
89
-113
5
-154
-106
81
-22
30
7
-133
-701
-259
-15
-83
-142
30
-33
12
18
13
193
45
416
84
-67
1241
-159
-133
-63
-214
116
-56
-113
69
110
123
88
19
63
-13
10
6
57
142
-53
47
75
13
-140
91
-64
-563
105
-66
18
187
-268
25
16
239
85
7
-3
148
-291
-23
157
-24
87
-328
48
-45
69
-107
-47
91
57
77
107
74
-98
17
62
-12
5
-40
-915
-155
-65
-260
213
-68
-79
-314
100
-31
178
-70
35
72
7
203
45
27
-160
-16
73
-109
5
-103
184
49
9
217
35
125
0
43
64
-15
6
180
73
-41
-56
-28
-156
-83
145
-76
164
-24
-7
-177
163
76
170
58
11
33
57
24
181
623
-17
-40
-840
-101
-59
59
112
86
-29
-81
29
-31
-56
41
31
-39
597
87
-41
-9
25
23
-1230
-176
171
270
-180
-18
104
-2
48
15
28
85
-116
26
-31
221
19
47
-116
51
-28
16
46
-45
-206
127
72
78
6
-175
-189
46
33
-80
8
-133
178
606
-70
-168
76
359
0
-633
79
-133
11
-80
68
-132
62
64
-45
-58
45
-55
-461
-99
-375
-64
38
137
-42
-44
6
76
-45
56
60
170
-241
-155
-30
39
61
50
87
-62
22
145
-109
88
161
1
23
-64
393
145
91
-208
127
-112
71
47
-78
78
-280
-107
-163
109
29
-6
184
221
123
60
-36
267
-32
242
227
80
25
36
224
167
107
42
-326
-20
-105
37
134
-80
37
-15
15
79
128
-431
-204
-214
-79
-42
-68
-5
35
-65
57
-94
-152
-54
83
156
212
-16
194
461
-130
102
-1079
-512
-1142
-15
62
100
-214
65
94
-122
-162
-76
28
3
-15
14
805
-33
-129
-104
-55
24
-102
-15
71
53
142
67
1909
-136
17
65
-703
55
-164
-923
45
-464
40
61
56
-193
256
82
140
-75
-64
-64
-121
125
63
1818
-74
153
121
55
22
118
79
-47
-480
3
104
-17
-47
1
-19
-65
160
-40
565
-48
-70
0
-116
-72
9
77
27
-42
-160
-34
-125
-146
-19
-48
-833
18
-25
-142
98
107
25
-35
14
-24
163
283
89
-29
-79
-58
62
66
-95
6
-149
110
32
-17
-111
45
194
-75
26
212
173
94
57
-12
-30
8
80
129
77
-22
68
-2320
647
70
22
-25
-45
83
292
49
-5
-372
51
-216
-16
98
-661
108
4
100
135
-47
-73
93
237
89
30
-61
25
-19
-89
920
175
-13
15
54
11
-29
58
519
20
61
127
-5
54
1039
-37
-35
44
197
-23
-107
-370
546
-9
106
44
-958
25
1
51
22
168
55
133
-14
-107
-20
-20
129
-139
428
-163
53
114
11
-118
32
62
111
645
9
237
-133
119
34
143
111
-113
91
-81
-944
82
-371
-259
56
5
-40
33
111
-523
18
32
16
240
24
-428
-45
-29
3
29
-8
-126
-27
-77
-67
275
-20
-314
-57
8
-107
-53
-13
-20
-77
-97
48
-1
-67
-53
-333
134
-103
64
-12
11
37
49
-5
0
-51
21
55
56
27
-117
173
-80
-1350
-71
-140
44
-65
48
-149
-81
387
115
-195
1009
-129
-146
-38
49
9
-82
8
44
-162
-32
-138
-14
-75
178
105
91
55
-159
-85
-111
-146
45
-73
59
49
246
40
7
-43
335
-59
116
14
68
-46
-1
-123
129
79
-108
57
15
20
61
-112
75
-48
-141
106
-97
41
139
-77
1
-135
-57
-185
-118
-101
419
-110
71
-82
10
797
269
-1947
-123
68
-109
30
20
-75
-111
153
3
18
-331
138
-139
84
12
80
-8
16
-560
-25
56
-85
471
-69
3
36
-126
-8
131
999
-85
-53
-11
-99
-139
263
19
828
-152
-92
-160
138
15
-104
-121
-179
-66
117
118
-81
-13
-370
-7
-91
13
9
-4
32
21
101
-50
-31
-82
-111
-68
-32
41
130
26
-54
-68
-35
18
-98
-1677
93
-158
-45
107
105
70
-77
592
37
-99
-34
-56
-93
-178
-6
31
37
-298
25
-53
149
18
60
53
-42
56
41
416
-295
-43
116
-60
-435
59
49
-1442
-86
57
3
3
-42
-474
-153
199
357
-21
22
-16
1144
34
580
263
-230
-171
81
341
-2668
4
41
146
113
-305
-28
74
-108
-65
-152
69
-82
-29
-217
-1
-77
599
157
69
-101
-28
-61
122
0
-149
125
-20
72
-38
-16
41
200
-140
-180
-59
-20
47
11
-44
-90
11
190
577
156
-109
-565
-8
-193
52
32
-87
-107
-12
668
70
20
201
53
-121
55
-49
-403
61
-74
-514
15
-183
76
116
37
94
-75
35
29
-91
-104
165
52
269
76
1566
-87
-128
23
-13
111
-117
86
62
15
99
74
-8
-417
-46
-35
30
56
-156
-119
5
17
-145
112
103
14
116
154
17
129
253
-866
0
-159
116
-26
-27
-147
-615
16
87
8
-225
713
-7
-31
-807
9
71
82
-90
22
30
-52
-137
51
-107
-147
104
-36
-54
57
-79
122
-122
-73
34
22
354
108
79
-515
151
-99
8
209
39
302
-71
8
-66
-62
34
28
19
-70
228
-71
160
-225
-227
364
-126
23
135
113
92
8
6
24
-8
27
90
43
132
22
61
105
40
128
5
-71
84
80
72
-302
41
-62
145
76
-44
73
-32
96
6
-79
63
79
208
603
50
-364
-59
126
-44
-123
9
145
-45
-152
161
-1274
81
59
-114
146
275
-61
-647
-497
96
-20
89
-157
-65
-54
-141
-38
-57
89
68
-26
9
-72
-50
-13
-154
-233
77
-78
0
-35
4
-39
-112
142
-136
59
293
178
-1240
100
-143
-27
25
42
61
-6
-76
-48
-10
30
34
103
-42
-39
-65
201
92
-59
-160
-510
-93
-116
-42
-332
-41
5
16
-47
-316
-23
59
-40
-44
12
-308
-39
1545
79
65
-27
993
169
-59
120
59
119
-49
4
338
-89
-99
34
-63
0
50
-130
-72
45
-125
-150
-21
-67
167
-30
438
-82
207
-322
20
-43
-40
-26
-1221
52
28
372
-128
-261
442
327
96
477
28
99
-38
-30
-272
350
-393
65
-15
-79
-200
5
-95
36
114
-110
-32
-18
-46
-120
-332
-51
-151
92
-134
59
26
-625
-47
360
145
-64
-137
352
97
130
13
-87
-171
54
-67
-87
20
108
-18
55
-100
170
13
737
-744
-9
-105
-74
59
-115
-44
104
206
-95
-117
55
-15
-37
-222
-87
4
1225
-5
-159
68
6
103
-780
513
183
-25
30
18
-48
-163
1684
-1005
-54
-222
-97
-60
-64
-94
-247
-185
190
-40
-126
-7
-23
117
-324
-208
89
246
14
16
-120
134
-72
-66
23
-45
-49
174
74
105
-98
158
-12
-28
-86
-23
170
-119
58
-69
-771
-50
-42
-21
-27
90
-30
-54
-307
219
-9
5
-90
-32
-121
-62
101
94
159
93
-97
350
-137
634
13
86
125
36
72
73
333
39
40
-69
41
-6
-369
165
4
-37
-215
82
-17
67
-4
-184
-130
-76
-46
194
39
-16
67
-17
202
-28
-2
259
143
-156
-86
-131
-167
94
-536
153
269
169
-22
-115
-86
-547
-99
94
186
84
-79
-137
78
-57
719
49
43
2
112
533
-564
87
77
47
-2
-47
-30
-43
89
-575
19
94
118
76
-18
85
24
-115
-61
60
-258
27
19
94
88
143
-80
-610
2
-16
-26
-34
-70
39
48
-229
58
37
-16
-149
18254
-737
165
3
-124
462
-5
168
76
92
68
-184
141
-58
-977
-214
-62
23
32
62
95
-32
189
-861
-685
-25
-32
-56
-271
-501
-81
-59
-10
-24
153
-114
-36
-139
250
472
157
-57
46
-119
65
-64
315
-93
141
-704
170
72
173
91
61
-51
251
-89
40
216
10
-107
89
72
-46
-27
-24
-54
107
13
26
172
84
97
38
623
-74
200
88
40
66
-160
-99
130
299
224
-35
-49
45
52
-99
-71
118
14
-53
292
-471
-127
-320
143
42
193
-90
64
-21
66
128
-86
-80
73
-146
-16
-90
138
63
4
-71
-196
62
-19
850
1
8
-595
-204
-37
22
-316
-28
290
243
129
-40
-88
326
36
-29
81
1464
2087
-163
354
109
18
-95
10
11
-29
-149
88
-133
202
-85
96
333
-125
130
4
5
284
257
-160
-257
63
3
51
419
-70
-68
-65
-56
153
-716
38
185
-504
-90
11
61
-296
75
-206
132
261
19
38
20
31
247
121
353
3
128
72
10
-40
-40
18
113
-110
14
-45
68
224
10
161
-133
64
-11
-190
35
-47
-260
43
12
8
-122
124
-49
-1
-226
-50
-477
167
100
-64
63
13
-843
90
-125
-74
137
-22
-102
-87
-229
85
1440
53
14
24
461
39
24
92
-63
-40
-51
-30
-36
18
-135
-68
-110
-964
55
-205
-127
-10
282
234
-21
-23
-114
-110
-54
351
152
-255
23
75
35
-51
-138
-65
51
-27
309
51
-12
-4
88
-89
-3
114
-422
466
-5
134
209
28
-1
-142
-150
48
-74
2044
64
-32
187
-39
35
61
134
-11
-203
49
3
-319
42
-55
55
-302
139
145
-769
91
-321
42
-1134
-71
84
-44
-111
142
1
41
-281
80
73
-188
16
53
37
14
82
79
-270
127
-411
20
7
-66
109
51
48
82
-66
-50
87
146
-367
51
257
68
-13
-12
-103
144
160
161
99
-88
-32
-70
19
-589
3
-100
-36
-59
-52
-59
110
-947
-110
-212
-44
-231
-30
80
-127
228
131
77
-3993
6
329
163
-2
-104
-34
-100
49
178
-39
317
61
-80
-433
81
869
-18
407
-94
-14
-97
52
243
314
252
-48
-3
-78
26
50
-8
-102
-7
-55
96
-169
-29
137
-139
95
-39
-56
-141
-50
111
-5
-86
-51
-728
419
-32
-269
-69
-86
191
13
28
81
68
7
-41
-73
12
-461
149
27
170
-9
20
138
-111
-2
40
-305
-12
87
251
-115
33
-29
7
-92
4
181
24
-794
27
209
-155
86
-57
-15
-498
-13
-26
99
-133
-740
122
-27
18
-103
-49
-7
-183
-71
89
-78
-526
-19
-238
-262
-116
102
-20
-70
-81
38
55
-16
28
-11
-213
307
49
-1196
-45
43
143
96
-67
-49
-53
-629
-75
158
-15
25
26
37
5
-435
66
-3800
-51
16
31
44
-191
-39
-60
6979
128
72
114
32
-71
63
18
-5
166
43
103
10
-140
154
15
27
-227
-58
-756
-50
8
56
113
-116
333
153
418
1
39
63
187
190
84
10
53
-157
27
24
23
-22
-85
65
-100
133
-71
-31
-67
1088
109
71
-212
-57
-12
-11
-137
69
-341
-36
6
-69
-56
-103
-7
74
-120
177
-32
37
110
88
-170
96
70
71
-103
31
-10
-81
86
73
51
-28
121
337
-55
-968
-62
-27
2
44
-172
-30
149
112
300
-10
-10
100
85
81
-92
