64 8 4
0 8 6 18 6 265798.0 0
-7988098 -17 64753 17687 2 -13 24916692 62 
6 6 6 6 6 6 6 6 
1 14 11 29 17 0.0 0
0 0 0 0 0 0 0 0 
14 15 11 12 15 17 15 16 
2 11 10 25 13 56.0 0
-127 2029150 11 -17866 -22400 0 1910494 92 
21 30 26 20 10 33 12 24 
3 41 10 55 43 0.0 0
27123 -1079074 117231 58876 -11619136 -136583 -1680 3430398 
15 15 12 11 14 13 10 15 
4 -22 11 -7 -19 -2147483648.0 1
0 97 -1004505 307275 0 0 -305 510434 
15 13 11 15 12 15 13 11 
5 -41 18 -19 -31 -2147483648.0 1
-65333404 -57565084 14423160 -54840267 -8190950 7931692 -139549 4984999 
21 22 20 22 18 21 21 22 
6 10 10 24 12 -4609.0 0
-1023 31 -2097151 8191 -63 -33554431 -8191 -31 
11 11 10 11 11 11 10 11 
7 -27 9 -14 -26 201326592.0 0
3 -7 24 -9 -1 13 26 -31 
9 11 10 10 10 12 9 9 
8 13 13 30 18 -177.0 0
-1635172 185 242 -5466735 1968 -7368769 1138278 -32971826 
13 13 13 13 13 13 13 13 
9 -36 12 -20 -32 -2147483648.0 1
-55528838 -16830054 4180875 -30484894 -8716043 -2502241 3119176 -13652552 
14 15 15 16 12 14 13 15 
10 0 11 15 3 -696924.0 0
-28447 147 -4566263 2 -38 890 -60 -981623 
11 11 11 11 11 11 11 11 
11 6 16 26 14 0.0 0
0 0 0 0 0 0 0 0 
16 21 18 18 23 16 18 22 
12 2 14 20 8 3261.0 0
13 -3192323 1 -1 808737 6764827 3 -457 
19 27 17 24 14 22 14 28 
13 14 8 26 14 49.0 0
4095 8191 16383 -262143 2047 2097151 255 -63 
8 10 9 8 9 9 8 8 
14 11 6 21 9 0.0 0
0 0 0 0 0 0 0 0 
8 9 6 6 10 6 9 6 
15 -31 7 -20 -32 -2147483648.0 1
718938 -5816607 12817885 22995774 -16802636 -1553930 -13705302 -43773418 
10 7 10 10 8 9 11 10 
16 -30 7 -19 -31 -2147483648.0 1
-13391633 -11494587 41929371 -12961964 7466158 4151273 -37292510 -52521037 
10 8 10 8 11 8 8 7 
17 40 8 52 40 0.0 0
5462 6437 7 238369 11514 -22040026 0 38099508 
10 11 10 9 9 8 11 8 
18 43 9 56 44 0.0 0
1779155 0 16320627 -905 -3 7557 8073210 442 
13 9 11 11 10 12 10 9 
19 19 11 34 22 0.0 0
58567735 0 592 4 1022627 -1683 -56545414 243 
20 16 37 33 36 11 37 29 
20 -2 9 11 -1 0.0 0
0 0 0 0 0 0 0 0 
11 9 15 12 14 13 10 13 
21 47 10 61 49 0.0 0
-3 -3183 -1330922 -3638 0 346 2064863 -31210684 
14 14 15 15 14 14 10 10 
22 9 16 29 17 0.0 0
0 0 0 0 0 0 0 0 
22 17 22 20 16 22 23 16 
23 -34 9 -21 -33 -2147483648.0 1
-17 -7 17 23 -14 7 21 -31 
10 9 10 10 10 10 10 9 
24 3 7 14 2 -8060.0 0
127 -127 -65535 -4095 15 2047 63 2047 
7 7 8 9 9 9 9 8 
25 15 8 27 15 23.0 0
63 524287 -16383 262143 -32767 -1023 65535 262143 
9 8 10 9 8 10 8 10 
26 4 8 16 4 -37393.0 0
255 -511 -2097151 16777215 -131071 -8388607 -31 -16383 
8 8 10 10 9 9 9 9 
27 0 9 13 1 12892498.0 0
27536394 -1 -191 13182 -1764210 0 -104 -75 
9 9 9 9 9 9 9 9 
28 18 12 34 22 0.0 0
-242 -198 1564420 -82 694491 2078030 -114 277371 
30 36 28 18 27 29 12 24 
29 40 14 58 46 0.0 0
15 108 68 -19 17 -467 57924 11732046 
18 15 16 19 14 15 15 16 
30 -1 10 13 1 3117.0 0
-818246 12 -6 125432 116 0 51299 -25 
19 26 10 14 33 36 25 24 
31 -21 12 -5 -17 2147483647.0 1
14669086 224 -30 -108 -368277 -25142 1032642 -327 
12 13 15 16 14 15 15 16 
32 16 16 36 24 0.0 0
665 -20437 121 127 -23528 7959047 18 6622 
16 26 26 33 17 16 26 25 
33 -17 7 -6 -18 2147483647.0 1
-31 9 -7377 85210 2696704 28 27904 -615 
11 9 8 7 7 12 8 8 
34 15 19 38 26 0.0 0
-6625266 -435 -172 14350 -134 -16 -1 260388 
29 43 19 20 40 36 37 33 
35 -39 16 -19 -31 2147483647.0 1
25 10 1 -12 17 10 -9 -1 
16 18 17 17 18 16 16 16 
36 19 9 32 20 0.0 0
-412526 -5303 -8184 -4054685 -991 3537 -193 130745 
24 30 23 21 24 9 19 19 
37 6 15 25 13 1.0 0
7750 0 296568 -681 -222 267958 0 43 
15 35 36 39 22 34 40 21 
38 4 15 23 11 -2013.0 0
511 -4194303 -16383 32767 1023 262143 -63 63 
15 15 17 17 15 17 17 15 
39 -41 17 -20 -32 2147483647.0 1
-10747592 -31514703 6927757 2179790 27885631 14687475 -12716489 4608818 
20 20 17 18 22 21 22 20 
40 9 13 26 14 732.0 0
-262143 -1048575 33554431 -31 -2047 -4194303 1023 511 
15 14 14 14 15 13 15 15 
41 12 9 25 13 30.0 0
-19313 402 3 234600 4218 18274 4554 -27 
9 9 9 9 9 9 9 9 
42 -17 9 -4 -16 2147483647.0 1
-862710 0 556 541 110274 7513 32675 3627097 
11 13 9 9 13 14 12 11 
43 17 15 36 24 0.0 0
7 -8395470 497775 1283 597 -33 -1 0 
34 26 36 28 29 15 41 37 
44 -37 13 -20 -32 -2147483648.0 1
-25 12 -4 -2 -4 -7 10 -8 
16 13 13 16 14 14 15 13 
45 12 7 23 11 -20.0 0
84 201494 -4535486 -26 73386 -4724 0 7532 
34 32 14 7 17 7 23 26 
46 -37 15 -18 -30 -2147483648.0 1
-14 -6 -19 -29 6 22 -26 -1 
15 17 15 17 17 15 16 16 
47 -33 9 -20 -32 -2147483648.0 1
4713138 -28332459 62423527 -24016933 10214615 -15309452 -17554171 -46955535 
12 12 10 11 14 9 10 13 
48 -20 7 -9 -21 39845888.0 0
14 2 2 14 -15 -6 1 20 
7 10 10 9 10 10 9 9 
49 18 14 36 24 0.0 0
-462581 -123 0 6908 -71 -3 -795538 -335 
14 14 14 14 14 14 14 14 
50 47 18 69 57 0.0 0
29 7042 -2621 33089108 1 -17413313 23 -222 
22 19 22 20 20 20 20 18 
51 -1 22 25 13 3275.0 0
27673789 19761 12676 -883739 -3837 29412002 -1344 -3458110 
22 22 30 38 41 39 42 24 
52 -26 7 -15 -27 1207959552.0 0
9 23 12 -11 -6 2 -28 -19 
9 8 7 9 8 10 9 10 
53 45 7 56 44 0.0 0
-59342 -36 1 0 980 0 12861 7014434 
10 10 10 7 11 7 9 11 
54 14 17 35 23 0.0 0
237616 -4 -15376 -6 58 3308 -25367 8178 
43 37 17 21 35 29 29 42 
55 16 9 29 17 -24.0 0
10 -27450 -77 -24 -4063147 885111 -1055 11 
9 9 9 9 9 9 9 9 
56 46 16 66 54 0.0 0
-6993236 -10033466 -13010 663 818869 -22 118 0 
21 21 20 16 20 20 18 17 
57 43 14 61 49 0.0 0
-35 -12 -2414102 -2927 0 0 -2 40364303 
15 15 19 19 17 14 19 19 
58 -36 14 -18 -30 -2147483648.0 1
8772696 -34728372 -27575619 14629155 -14952270 -3272369 -17607801 -11788025 
16 16 16 14 15 17 16 14 
59 41 17 62 50 0.0 0
15833 -31 -6955 -88 -420888 -18998772 -195853 0 
21 19 19 20 22 17 18 19 
60 -19 8 -7 -19 -2147483648.0 1
-49770 -206 5 -15262948 -172033 395 228 -1 
8 10 12 13 13 11 10 9 
61 10 10 24 12 0.0 0
0 0 0 0 0 0 0 0 
16 15 10 12 16 11 12 10 
62 -23 16 -3 -15 2147483647.0 1
-7 -311501 -5126 -12 -6471 -2 405 453040 
21 21 16 18 16 21 16 16 
63 13 15 32 20 0.0 0
0 0 0 0 0 0 0 0 
17 18 15 20 21 17 21 16 
