320 18
-360 14 -24678 12 -830 16 -24527 12  32767 164 0  32767.019598 163.991129
438 14 -3487 12 -103 16 17890 12  32750 64715 0  32749.282876 64715.365226
-401 14 -29367 12 -1746 16 18048 12  32767 64746 0  32767.344661 64746.043506
-605 14 -25597 12 -68 16 -7415 12  32768 9215 0  32767.936757 9214.462626
-924 14 -19844 12 -1344 16 -20177 12  32763 472 0  32763.020390 472.057315
117 14 -26654 12 -2001 16 4879 12  32767 50262 0  32766.497248 50262.759318
84 14 -8067 12 -2934 16 18610 12  32581 64846 0  32576.029222 64846.258109
-809 14 -17521 12 -601 16 23687 12  32764 65335 0  32764.057344 65334.795652
869 14 -24617 12 -2204 16 24557 12  32765 65373 0  32765.152117 65373.202617
-302 14 -3193 12 -1066 16 -16791 12  32576 1070 0  32570.466063 1069.067932
583 14 -13020 12 -22 16 -22816 12  32768 249 0  32767.535333 248.698255
-836 14 -9836 12 -2862 16 -10970 12  32653 4213 0  32650.038468 4212.043484
474 14 -15606 12 -2664 16 -4735 12  32739 15692 0  32737.989145 15688.911991
321 14 -11038 12 -601 16 19044 12  32749 64915 0  32747.986347 64914.945341
-244 14 -11108 12 -1565 16 20794 12  32720 65130 0  32718.445401 65129.544924
381 14 -26922 12 -1720 16 -12685 12  32767 2835 0  32766.770387 2833.404560
49 14 -29279 12 -165 16 -22618 12  32768 261 0  32767.934963 260.966553
-898 14 -20430 12 -166 16 5594 12  32768 52210 0  32767.465803 52211.758218
751 14 -11327 12 -1774 16 19369 12  32713 64962 0  32711.436943 64961.904063
-577 14 -21880 12 -2827 16 6397 12  32762 54172 0  32761.483065 54172.506039
320 14 -11479 12 -280 16 10296 12  32760 60626 0  32759.598617 60627.008136
-848 14 -5866 12 -26 16 26847 12  32766 65443 0  32765.343269 65442.824131
-817 14 -15655 12 -2761 16 -9433 12  32740 5957 0  32739.566743 5955.687670
68 14 -6517 12 -2992 16 -29613 12  32498 48 0  32490.757535 47.460326
232 14 -11500 12 -30 16 3904 12  32767 47298 0  32767.108876 47300.162768
377 14 -12705 12 -733 16 6686 12  32752 54819 0  32751.516291 54820.063460
988 14 -29714 12 -142 16 -6448 12  32768 11249 0  32767.946698 11247.013526
86 14 -24365 12 -839 16 8217 12  32767 57765 0  32766.900892 57765.817223
-259 14 -9797 12 -2331 16 -17359 12  32671 933 0  32667.685673 932.608114
749 14 -8510 12 -2141 16 -22063 12  32640 299 0  32636.405095 298.662043
120 14 -28157 12 -1771 16 -29895 12  32767 44 0  32767.078106 44.304872
-26 14 -5293 12 -2741 16 -25565 12  32446 128 0  32437.557972 127.351972
-300 14 -21318 12 -1982 16 -19175 12  32763 602 0  32762.671642 601.685574
3 14 -16988 12 -416 16 3103 12  32765 44618 0  32764.737942 44618.584270
289 14 -26225 12 -1718 16 -9329 12  32767 6097 0  32766.552330 6094.599610
667 14 -16691 12 -221 16 -5544 12  32766 13457 0  32766.061411 13454.292055
-336 14 -24033 12 -2904 16 -23004 12  32764 238 0  32763.979880 237.581840
-382 14 -14198 12 -2133 16 -16840 12  32737 1057 0  32735.960845 1056.559938
-691 14 -25892 12 -1146 16 22442 12  32767 65264 0  32767.013365 65263.623260
273 14 -2117 12 -463 16 29131 12  32662 65483 0  32658.450711 65482.617688
250 14 -14843 12 -1460 16 14128 12  32749 63518 0  32748.491880 63518.004580
-853 14 -30640 12 -2267 16 -6277 12  32767 11644 0  32767.393314 11641.322208
187 14 -9746 12 -2069 16 1266 12  32678 37792 0  32675.503010 37792.067065
-545 14 -21922 12 -1458 16 -14014 12  32765 2074 0  32764.666507 2073.147565
214 14 -27572 12 -2589 16 3154 12  32766 44793 0  32766.436592 44795.502181
221 14 -14508 12 -549 16 500 12  32760 34766 0  32760.060672 34765.520168
-763 14 -10514 12 -1862 16 13721 12  32704 63314 0  32702.226154 63314.332136
-343 14 -24821 12 -2008 16 5623 12  32766 52286 0  32765.707093 52286.757278
-282 14 -10382 12 -2157 16 -20977 12  32690 389 0  32687.161482 388.800634
-470 14 -23045 12 -1406 16 28963 12  32766 65480 0  32765.543679 65480.384553
427 14 -8116 12 -810 16 24029 12  32716 65351 0  32714.441200 65350.867661
-504 14 -24050 12 -2843 16 8064 12  32764 57504 0  32764.120524 57506.318744
346 14 -14827 12 -2717 16 28873 12  32733 65479 0  32731.354280 65479.150082
951 14 -20042 12 -2801 16 -13852 12  32757 2155 0  32756.916768 2154.036234
966 14 -31913 12 -520 16 16688 12  32768 64440 0  32767.886032 64440.163126
-903 14 -16048 12 -584 16 4246 12  32763 48376 0  32762.557424 48378.512531
159 14 -10425 12 -2016 16 2517 12  32694 42530 0  32691.236774 42530.706109
104 14 -31579 12 -1578 16 -24590 12  32768 162 0  32767.644003 161.494272
-594 14 -3059 12 -820 16 -14090 12  32618 2036 0  32614.048360 2036.219777
362 14 -18955 12 -1613 16 -22181 12  32760 290 0  32759.979398 290.218321
-302 14 -6207 12 -2013 16 24752 12  32577 65381 0  32571.989461 65380.753457
-583 14 -17050 12 -223 16 -1637 12  32766 26307 0  32766.337449 26305.787529
-495 14 -2773 12 -2321 16 14739 12  32317 63790 0  32306.159475 63790.203401
699 14 -6208 12 -2861 16 27277 12  32482 65452 0  32474.070107 65452.097954
-2727 29 1805 -8 -19037 -29 2503 -12  0 65535 1  0.003688 65535.000000
13099 -30 1143 -7 -9869 14 -9532 54  0 32768 1  0.003688 32768.000000
-17769 14 -2687 -18 -300 44 -9387 -16  32768 0 0  32768.000000 0.000000
-12132 32 1608 -19 -27580 46 -16849 -28  31097 0 0  23547.727353 0.000000
-32700 12 -26003 55 -31395 -32 -1657 -5  0 0 1  0.003688 0.000000
16156 -26 28525 60 -30740 52 29449 55  32739 32768 0  20.020624 32768.000000
5200 51 -31160 10 -4496 -36 -8721 7  32768 0 0  0.003688 0.000000
32523 39 24202 -5 -22177 -9 1179 34  0 32768 1  0.003688 32768.001124
18710 -16 9336 28 -23280 -6 -26422 14  0 10895 1  0.003688 10893.271014
-9366 19 32404 31 -16435 21 -22514 17  32598 29961 0  32592.753839 29960.649021
12719 16 -27632 -25 -27423 -4 23615 -27  32768 65535 0  32768.000000 65535.000000
-29759 -13 9229 -6 -15049 12 29092 60  32768 32768 0  32768.000000 32768.000000
26075 -3 -4922 25 -14692 19 20296 45  0 32768 1  0.003688 32768.000009
-22399 -25 -25820 8 -15459 57 6096 -20  32768 65535 0  32768.000000 65535.000000
737 13 28340 29 -28090 30 -21645 -14  32767 0 0  32767.366362 0.000000
-18330 -8 14498 43 -12080 -16 -19515 39  32768 32768 0  32768.000000 32767.999418
-31579 24 31915 16 -22850 -32 12762 7  0 65535 1  0.003688 65535.000000
23986 38 -25774 42 -22746 -36 -19942 41  0 32768 1  0.003688 32767.999851
31613 -37 2485 17 -6595 -1 -25892 30  0 32768 1  0.003688 32767.604919
23205 -23 920 27 -4057 -16 -1049 -2  0 0 1  0.003688 0.000000
-30356 17 -9097 -21 -10208 7 -3307 -4  32768 0 0  32768.000000 0.000000
-256 0 1490 -32 -3078 39 -19558 -38  15457 0 0  0.003688 0.000000
28402 -19 -16208 37 -604 6 -30414 21  0 32531 1  0.003688 32530.394789
-12429 22 27333 -16 -12196 32 -26050 1  0 0 1  0.003688 0.000000
15950 26 31232 52 -650 38 -13076 25  32768 32762 0  32767.999946 32761.615234
-27538 -35 -25850 -15 -5861 14 -17217 26  32768 32764 0  32768.000000 32763.796631
1425 57 -27242 36 -23388 22 -3481 31  32645 32768 0  32641.593493 32767.973442
13095 -1 16346 45 -16991 28 19942 -34  6248 65535 0  6244.615160 65535.000000
-8418 -7 7149 45 -2294 38 -79 54  32768 32768 0  32768.000000 32768.000000
31431 -24 -24422 -10 -206 6 31854 32  0 32768 1  0.003688 32768.121513
22012 53 -21688 -23 -15992 31 18139 -34  32768 65535 0  32768.000000 65535.000000
-23797 -17 -2094 13 -2325 31 -29282 6  32768 0 0  32768.000000 0.000000
25290 59 -18495 17 -24347 16 24454 -20  25987 65535 0  25977.510903 65535.000000
-11437 -15 21188 2 -13349 23 -2242 -21  32768 0 0  32768.000000 0.000000
28773 23 6676 -15 -31173 -39 -24267 -35  0 0 1  0.003688 0.000000
25267 26 20783 -17 -10715 54 2207 -35  32766 65535 0  32714.949593 65535.000000
20208 -32 -15482 -4 -18550 48 -27157 -25  32488 0 0  0.003688 0.000000
21895 19 5375 31 -20699 7 21659 -9  0 65535 1  0.003688 65535.000000
15003 -26 -6640 39 -4506 -2 -31499 32  0 32768 1  0.003688 32767.879841
9477 23 11290 25 -7084 8 26434 25  0 32781 1  0.003688 32780.907226
-25776 41 11848 -19 -11804 1 -18000 35  0 32768 1  0.003688 32767.991417
-11386 -23 703 -39 -6405 38 19387 22  32768 32844 0  0.003688 32843.730334
23947 37 -9734 26 -5747 37 13384 29  32768 32769 0  32767.999050 32768.408447
28289 18 17986 53 -11765 33 -5207 59  32768 32768 0  32767.966405 32768.000000
-19283 9 3442 -26 -26654 34 11327 50  0 32768 1  0.003688 32768.000000
-24639 12 -10410 -23 -19141 39 19184 7  32768 65535 0  32768.000000 65535.000000
-18816 9 21491 59 -1871 -21 24678 -15  32768 65535 0  32767.985913 65535.000000
-29703 -37 19164 39 -29449 -36 31566 1  32768 65535 0  32768.000000 65535.000000
2081 -18 16272 4 -2590 53 18366 44  32767 32768 0  32762.860289 32768.000017
-20557 56 -13661 -22 -18986 -34 17568 31  32768 32768 0  32768.000000 32768.134033
16383 17 -21533 -31 -12217 -32 -955 -8  32768 0 0  32768.000000 0.000000
28284 -23 13806 11 -13183 27 21262 1  0 65535 1  0.003688 65535.000000
-22104 -40 -14397 32 -31251 25 -10689 -17  32768 0 0  32768.000000 0.000000
21857 22 -2290 47 -11533 -12 -21089 51  0 32768 1  0.003688 32768.000000
14282 6 -14814 -4 -18542 27 -12754 28  32768 32767 0  32768.000000 32767.221558
25336 40 -6033 -13 -4140 17 12219 13  32768 53497 0  32768.000000 53498.011709
8740 56 30632 -13 -16319 51 -31049 30  32737 32768 0  32708.463382 32767.526230
14033 40 -23624 -27 -2520 19 10607 -3  32768 65535 0  32768.000000 65535.000000
-5840 24 -24694 29 -6247 49 327 11  32768 35378 0  32768.000000 35378.456471
-28289 26 31152 14 -6007 9 -29180 -13  0 0 1  0.003688 0.000000
15077 53 8257 3 -16916 -13 8520 51  0 32768 1  0.003688 32768.000000
18520 3 25731 35 -22996 31 8562 -38  31981 65535 0  31965.672933 65535.000000
-2968 8 10923 34 -27515 -20 -4914 -26  0 0 1  0.003688 0.000000
-2572 -19 20706 41 -20969 -25 -13027 -38  32768 0 0  32768.000000 0.000000
-18887 11 28223 11 -19055 15 20573 11  2300 65533 0  2299.088450 65533.156882
5003 11 17189 11 -12372 15 32664 11  548 65535 0  547.819605 65535.000000
31802 11 5090 11 -24404 15 -25553 11  0 0 0  0.048875 0.249899
-1625 11 -29269 11 -9667 15 29790 11  32768 65535 0  32767.997284 65535.000000
-21144 11 -3951 11 -21440 15 27551 11  32768 65535 0  32767.897758 65535.000000
-12886 11 -1648 11 -6127 15 13159 11  32763 65430 0  32762.930259 65429.999568
6518 11 -3475 11 -553 15 -8621 11  31862 960 0  31846.711467 959.236136
10777 11 12217 11 -6971 15 14010 11  3008 65466 0  3006.946096 65466.002052
20031 11 17768 11 -7606 15 -21599 11  452 2 0  451.753137 1.722785
-30495 11 -28812 11 -27728 15 21153 11  32768 65534 0  32768.000000 65533.858067
6088 11 -22365 11 -14370 15 -23629 11  32763 1 0  32762.922140 0.639382
7667 11 -10620 11 -20738 15 -6646 11  28656 2458 0  28648.857913 2457.779651
-16853 11 -29313 11 -14675 15 -9309 11  32768 689 0  32767.999998 688.410190
31779 11 2638 11 -23239 15 -28015 11  0 0 0  0.218496 0.075107
-18098 11 -11360 11 -29103 15 12391 11  32768 65382 0  32767.983513 65381.883698
-16628 11 -25785 11 -18727 15 30245 11  32768 65535 0  32767.999981 65535.000000
-29478 11 15329 11 -4093 15 -31026 11  32764 0 0  32763.913126 0.017265
-10016 11 -20060 11 -6688 15 -23997 11  32768 1 0  32767.997198 0.534225
11160 11 -16994 11 -31574 15 -31749 11  31044 0 0  31037.501319 0.012130
24680 11 -16255 11 -11790 15 -6029 11  7417 3279 0  7414.778629 3278.641254
-26070 11 27564 11 -10037 15 -622 11  23241 27831 0  23230.719596 27829.899444
-20441 11 -20092 11 -30468 15 -1830 11  32768 19033 0  32767.999923 19030.134606
15904 11 27406 11 -12753 15 8642 11  9 64586 0  8.730417 64586.407734
11562 11 -7862 11 -17629 15 13150 11  11426 65430 0  11423.745875 65429.533479
6442 11 -27439 11 -4244 15 -32734 11  32768 0 0  32767.850312 0.007499
28897 11 -18812 11 -21879 15 -22525 11  1218 1 0  1217.354926 1.096149
2661 11 18263 11 -31001 15 -10482 11  2 390 0  2.077806 390.029225
-11552 11 -10845 11 -7132 15 6421 11  32768 62804 0  32767.873017 62804.704400
-32223 11 -21694 11 -19542 15 8062 11  32768 64282 0  32768.000000 64281.486032
-27103 11 -16550 11 -14662 15 27958 11  32768 65535 0  32767.999992 65535.000000
27486 11 19456 11 -4184 15 4099 11  1756 57734 0  1755.554879 57733.991066
-11756 11 7257 11 -23733 15 30241 11  30369 65535 0  30359.521222 65535.000000
-3919 11 14367 11 -8505 15 -22453 11  8707 1 0  8703.772102 1.135370
-1030 11 -16788 11 -5107 15 -22370 11  32767 1 0  32767.149494 1.182328
18273 11 11816 11 -20025 15 -16321 11  4 23 0  4.132066 22.663841
-18798 11 -5605 11 -2660 15 -29384 11  32768 0 0  32767.982216 0.038492
22836 11 -22866 11 -30697 15 12818 11  17241 65411 0  17235.128542 65410.832343
22097 11 -1468 11 -24236 15 -27132 11  19 0 0  19.051117 0.115591
1267 11 -25045 11 -31579 15 -20735 11  32768 3 0  32767.713528 2.626896
-19817 11 31784 11 -30814 15 -780 11  134 26603 0  134.244804 26602.349724
-21559 11 16725 11 -14017 15 -1073 11  31542 24377 0  31527.822904 24375.113410
2468 11 -1795 11 -16169 15 -31204 11  21325 0 0  21321.600486 0.015828
-15684 11 9831 11 -30703 15 -26266 11  31107 0 0  31098.723300 0.176428
3648 11 19694 11 -18417 15 -32643 11  54 0 0  54.127749 0.007839
-8741 11 -22746 11 -32558 15 -10611 11  32768 367 0  32767.993152 366.352785
-15310 11 14923 11 -29210 15 -14971 11  19150 44 0  19140.733448 43.799734
-12691 11 -5566 11 -12661 15 -26019 11  32766 0 0  32766.298283 0.199042
-5763 11 7367 11 -1580 15 -232 11  30992 30914 0  30986.199270 30913.982238
-6454 11 19142 11 -7843 15 -15927 11  7437 28 0  7434.421631 27.469607
18354 11 -22487 11 -18837 15 -16814 11  30506 18 0  30499.638646 17.816448
-26490 11 8094 11 -14973 15 -24192 11  32766 1 0  32766.119589 0.485706
19512 11 14902 11 -29657 15 25199 11  0 65535 0  0.008138 65535.000000
-1349 11 -15824 11 -4863 15 -12886 11  32767 121 0  32766.890371 121.087490
29610 11 -30529 11 -3455 15 4506 11  31114 58999 0  31105.759454 58999.901299
-17196 11 19762 11 -11186 15 -1651 11  19615 20233 0  19608.474011 20231.684975
18631 11 26032 11 -26064 15 -11784 11  0 207 1  0.003688 207.116882
-19749 11 -15140 11 -17514 15 -26962 11  32768 0 0  32767.999300 0.125596
-6304 11 28535 11 -19247 15 19326 11  56 65531 0  55.772821 65530.773448
-7203 11 20830 11 -26639 15 -2219 11  147 16573 0  146.480900 16570.448852
24905 11 26451 11 -23272 15 27940 11  0 65535 1  0.003688 65535.000000
21828 11 7864 11 -7851 15 32579 11  1016 65535 0  1015.940139 65535.000000
-25696 11 16626 11 -29901 15 -12696 11  32424 133 0  32415.308113 132.834924
-1591 11 10573 11 -356 15 -7140 11  31250 1947 0  31239.088012 1946.664982
-13218 11 -15679 11 -12601 15 4179 11  32768 57996 0  32767.990612 57998.505054
3033 10 21464 10 -16613 8 -4094 10  0 1181 1  0.003688 1181.007212
2706 10 28159 10 -18780 8 1193 10  0 49952 1  0.003688 49954.628086
3916 10 22415 10 -28979 8 5388 10  0 65198 1  0.003688 65197.858936
260 10 21540 10 -23879 8 -17600 10  0 0 1  0.003688 0.002249
566 10 1766 10 -19796 8 -24437 10  0 0 1  0.003688 0.000003
141 10 6564 10 -19086 8 -19543 10  0 0 1  0.003688 0.000337
1709 10 7310 10 -24933 8 26131 10  0 65535 1  0.003688 65535.000000
405 10 7243 10 -31048 8 30064 10  0 65535 1  0.003688 65535.000000
1419 10 11063 10 -31310 8 -1059 10  0 17191 1  0.003688 17188.427357
3893 10 3148 10 -27903 8 21412 10  0 65535 1  0.003688 65535.000000
246 10 7541 10 -16275 8 -1101 10  0 16675 1  0.003688 16673.428965
1235 10 9795 10 -16204 8 12209 10  0 65535 1  0.003688 65535.000000
1443 10 27897 10 -32629 8 23783 10  0 65535 1  0.003688 65535.000000
1933 10 28021 10 -23238 8 29856 10  0 65535 1  0.003688 65535.000000
3699 10 18659 10 -10806 8 -14686 10  0 0 1  0.003688 0.038718
252 10 28763 10 -21306 8 -15672 10  0 0 1  0.003688 0.014782
2980 10 29262 10 -23643 8 25956 10  0 65535 1  0.003688 65535.000000
658 10 25922 10 -21714 8 -8527 10  0 16 1  0.003688 15.846753
2204 10 13353 10 -26377 8 18378 10  0 65535 1  0.003688 65535.000000
3872 10 3778 10 -26783 8 -4677 10  0 674 1  0.003688 673.602738
3958 10 14313 10 -13411 8 21400 10  0 65535 1  0.003688 65535.000000
375 10 6314 10 -16113 8 8884 10  0 65525 1  0.003688 65524.816908
2803 10 12133 10 -14772 8 1316 10  0 51333 1  0.003688 51336.066229
546 10 7678 10 -16930 8 15050 10  0 65535 1  0.003688 65535.000000
3215 10 15130 10 -11806 8 15725 10  0 65535 1  0.003688 65535.000000
3842 10 21459 10 -26895 8 7130 10  0 65474 1  0.003688 65474.038182
339 10 2240 10 -27653 8 544 10  0 41271 1  0.003688 41272.908671
812 10 21714 10 -17375 8 7125 10  0 65474 1  0.003688 65473.735183
1579 10 26765 10 -31292 8 -17812 10  0 0 1  0.003688 0.001829
216 10 21456 10 -17362 8 21203 10  0 65535 1  0.003688 65535.000000
642 10 26380 10 -24302 8 25314 10  0 65535 1  0.003688 65535.000000
3002 10 11254 10 -20212 8 -170 10  0 30055 1  0.003688 30054.230032
3984 10 26892 10 -23549 8 3227 10  0 62846 1  0.003688 62846.570267
2289 10 25575 10 -10864 8 -21442 10  0 0 1  0.003688 0.000053
2357 10 19448 10 -23189 8 -21936 10  0 0 1  0.003688 0.000033
652 10 9186 10 -31982 8 14392 10  0 65535 1  0.003688 65535.000000
1272 10 13394 10 -24566 8 993 10  0 47515 1  0.003688 47517.859351
1528 10 6175 10 -24158 8 11777 10  0 65535 1  0.003688 65535.000000
625 10 26228 10 -11431 8 -15879 10  0 0 1  0.003688 0.012077
2115 10 4700 10 -26345 8 30417 10  0 65535 1  0.003688 65535.000000
2919 10 11021 10 -11481 8 27251 10  0 65535 1  0.003688 65535.000000
3090 10 19356 10 -10164 8 21929 10  0 65535 1  0.003688 65535.000000
2632 10 3529 10 -20150 8 12907 10  0 65535 1  0.003688 65535.000000
1216 10 9458 10 -12179 8 25080 10  0 65535 1  0.003688 65535.000000
3057 10 7434 10 -13195 8 -31409 10  0 0 1  0.003688 0.000000
3922 10 12352 10 -23223 8 -10917 10  0 2 1  0.003688 1.536026
1132 10 1736 10 -31973 8 -23581 10  0 0 1  0.003688 0.000007
2846 10 11247 10 -21789 8 -16706 10  0 0 1  0.003688 0.005385
2106 10 20266 10 -9407 8 23283 10  0 65535 1  0.003688 65535.000000
3476 10 18154 10 -9489 8 -1799 10  0 9647 1  0.003688 9646.051119
3297 10 2020 10 -9306 8 -4763 10  0 620 1  0.003688 619.854307
3938 10 28718 10 -9941 8 9626 10  0 65531 1  0.003688 65530.581161
1172 10 11070 10 -16356 8 -14426 10  0 0 1  0.003688 0.049910
3111 10 16604 10 -24557 8 -11719 10  0 1 1  0.003688 0.701881
2787 10 21259 10 -31550 8 -23436 10  0 0 1  0.003688 0.000008
2311 10 23400 10 -26922 8 9957 10  0 65532 1  0.003688 65532.077763
2005 10 4022 10 -10003 8 10868 10  0 65535 1  0.003688 65534.388688
1081 10 878 10 -22717 8 -1062 10  0 17154 1  0.003688 17151.303806
2572 10 10135 10 -29952 8 -13314 10  0 0 1  0.003688 0.147844
2275 10 5780 10 -28441 8 -26522 10  0 0 1  0.003688 0.000000
3302 10 14159 10 -27467 8 27545 10  0 65535 1  0.003688 65535.000000
2038 10 3690 10 -28661 8 -21761 10  0 0 1  0.003688 0.000039
46 10 25773 10 -11624 8 28663 10  0 65535 1  0.003688 65535.000000
870 10 28264 10 -19526 8 13397 10  0 65535 1  0.003688 65535.000000
16384 -4 25 12 -4 0 0 12  0 32768 1  0.003688 32768.000000
32767 -24 32767 -24 -1 0 0 12  0 32768 1  0.003688 32768.000000
1 -25 0 12 -1 25 0 12  600 32768 0  12054.673528 32768.000000
16384 -4 25 12 -4 0 0 -30  0 32768 1  0.003688 32768.000000
32767 -19 -32768 -23 -32768 -20 -32768 -21  0 0 1  32768.000000 0.000000
32767 -20 -32768 -22 -32768 -13 -32768 -20  0 0 1  32768.000000 0.000000
32767 -21 -32768 -21 -32768 -6 -32768 -19  0 0 1  32768.000000 0.000000
32767 -22 -32768 -20 -32768 1 -32768 -18  0 0 1  0.003688 0.000000
32767 -23 -32768 -19 -32768 8 -32768 -17  0 0 1  0.003688 0.000000
32767 -24 -32768 -18 -32768 15 -32768 -16  16387 0 0  0.003688 0.000000
32767 -25 -32768 -17 -32768 22 -32768 -15  32596 0 0  0.003688 0.000000
32767 -26 -32768 -16 -32768 29 -32768 -14  32767 0 0  0.003688 0.000000
32767 -27 -32768 -15 -32768 36 -32768 -13  32768 0 0  0.003688 0.000000
32767 -28 -32768 -14 -32768 43 -32768 -12  32768 0 0  0.003688 0.000000
32767 -29 -32768 -13 -32768 50 -32768 -11  32768 0 0  0.003688 0.000000
32767 -30 -32768 -12 -32768 57 -32768 -10  32768 0 0  10.995459 0.000000
-32768 12 -32768 12 -32768 12 -32768 12  32768 22 0  32767.970500 21.977506
0 12 -32768 12 -32768 12 0 12  32683 32768 0  32680.193088 32768.000000
32767 12 0 12 -32768 12 -32768 12  0 22 1  0.003688 21.977506
0 12 0 12 -32768 12 0 12  128 32768 0  128.000000 32768.000000
-32768 12 32767 12 -1 12 32767 12  32763 65514 0  32762.456268 65514.017129
0 12 32767 12 -1 12 0 12  32706 32768 0  32704.061730 32768.000000
32767 12 0 12 -1 12 32767 12  32706 65514 0  32704.061730 65514.017129
0 12 0 12 -1 12 0 12  32763 32768 0  32762.455292 32768.000000
-32768 12 -32768 12 -32768 12 -32768 12  32768 22 0  32767.970500 21.977506
0 12 -32768 12 -32768 12 0 12  32683 32768 0  32680.193088 32768.000000
32767 12 0 12 -32768 12 -32768 12  0 22 1  0.003688 21.977506
0 12 0 12 -32768 12 0 12  128 32768 0  128.000000 32768.000000
-32768 12 32767 12 -1 12 32767 12  32763 65514 0  32762.456268 65514.017129
0 12 32767 12 -1 12 0 12  32706 32768 0  32704.061730 32768.000000
32767 12 0 12 -1 12 32767 12  32706 65514 0  32704.061730 65514.017129
0 12 0 12 -1 12 0 12  32763 32768 0  32762.455292 32768.000000
-32768 12 -32768 12 -32768 12 -32768 12  32768 22 0  32767.970500 21.977506
0 12 -32768 12 -32768 12 0 12  32683 32768 0  32680.193088 32768.000000
32767 12 0 12 -32768 12 -32768 12  0 22 1  0.003688 21.977506
0 12 0 12 -32768 12 0 12  128 32768 0  128.000000 32768.000000
-32768 12 32767 12 -1 12 32767 12  32763 65514 0  32762.456268 65514.017129
0 12 32767 12 -1 12 0 12  32706 32768 0  32704.061730 32768.000000
32767 12 0 12 -1 12 32767 12  32706 65514 0  32704.061730 65514.017129
0 12 0 12 -1 12 0 12  32763 32768 0  32762.455292 32768.000000
-32768 12 -32768 12 -32768 12 -32768 12  32768 22 0  32767.970500 21.977506
0 12 -32768 12 -32768 12 0 12  32683 32768 0  32680.193088 32768.000000
32767 12 0 12 -32768 12 -32768 12  0 22 1  0.003688 21.977506
0 12 0 12 -32768 12 0 12  128 32768 0  128.000000 32768.000000
-32768 12 32767 12 -1 12 32767 12  32763 65514 0  32762.456268 65514.017129
0 12 32767 12 -1 12 0 12  32706 32768 0  32704.061730 32768.000000
32767 12 0 12 -1 12 32767 12  32706 65514 0  32704.061730 65514.017129
0 12 0 12 -1 12 0 12  32763 32768 0  32762.455292 32768.000000
-32768 12 -32768 12 -32768 12 -32768 12  32768 22 0  32767.970500 21.977506
0 12 -32768 12 -32768 12 0 12  32683 32768 0  32680.193088 32768.000000
32767 12 0 12 -32768 12 -32768 12  0 22 1  0.003688 21.977506
0 12 0 12 -32768 12 0 12  128 32768 0  128.000000 32768.000000
-32768 12 32767 12 -1 12 32767 12  32763 65514 0  32762.456268 65514.017129
0 12 32767 12 -1 12 0 12  32706 32768 0  32704.061730 32768.000000
32767 12 0 12 -1 12 32767 12  32706 65514 0  32704.061730 65514.017129
0 12 0 12 -1 12 0 12  32763 32768 0  32762.455292 32768.000000
-32768 12 -32768 12 -32768 12 -32768 12  32768 22 0  32767.970500 21.977506
0 12 -32768 12 -32768 12 0 12  32683 32768 0  32680.193088 32768.000000
32767 12 0 12 -32768 12 -32768 12  0 22 1  0.003688 21.977506
0 12 0 12 -32768 12 0 12  128 32768 0  128.000000 32768.000000
-32768 12 32767 12 -1 12 32767 12  32763 65514 0  32762.456268 65514.017129
0 12 32767 12 -1 12 0 12  32706 32768 0  32704.061730 32768.000000
32767 12 0 12 -1 12 32767 12  32706 65514 0  32704.061730 65514.017129
0 12 0 12 -1 12 0 12  32763 32768 0  32762.455292 32768.000000
