# exp(g) at alpha=0 for Qwen3.8-27B GDN layers, extracted from
# /mnt/storage/llama-models/Qwen3.8-27B-Q4_K_M.gguf via gguf-py.
# g = ssm_a * softplus(alpha + ssm_dt.bias); this file fixes alpha = 0.
# columns: layer head exp_g ssm_a ssm_dt_bias
0 0 0.9987540759 -0.04063502 -3.46875
0 1 0.9972024143 -0.0095020281 -1.0703125
0 2 0.3374303192 -0.059123605 18.375
0 3 0.9044915243 -0.019803928 5.0625
0 4 0.999177683 -0.0074001872 -2.140625
0 5 0.9995072817 -0.011461634 -3.125
0 6 0.3397672363 -0.070211023 15.375
0 7 0.9861501299 -0.036998607 -0.78125
0 8 0.9994362357 -0.0038391664 -1.84375
0 9 0.9998289578 -0.052176401 -5.71875
0 10 0.187859358 -0.11943297 14
0 11 0.9974871446 -0.026649097 -2.3125
0 12 0.6450170428 -0.046770621 9.375
0 13 0.9981552406 -0.032144949 -2.828125
0 14 0.9946659385 -0.061961006 -2.40625
0 15 0.1811578235 -0.12713574 13.4375
0 16 0.3979138246 -0.070211023 13.125
0 17 0.9996120563 -0.0074001872 -2.921875
0 18 0.999938078 -0.014717029 -5.46875
0 19 0.9952023764 -0.030672923 -1.7734375
0 20 0.9987389629 -0.0071725072 -1.6484375
0 21 0.9993255898 -0.0095020281 -2.609375
0 22 0.3077476016 -0.079559512 14.8125
0 23 0.9978768228 -0.010114856 -1.453125
0 24 0.9994862011 -0.0044884402 -2.109375
0 25 0.9997592667 -0.033687614 -4.9375
0 26 0.1877889847 -0.13117145 12.75
0 27 0.9991186078 -0.024646387 -3.3125
0 28 0.621206125 -0.049787067 9.5625
0 29 0.998704853 -0.016676579 -2.515625
0 30 0.9996246217 -0.015184198 -3.6875
0 31 0.2809074615 -0.10057265 12.625
0 32 0.9952598387 -0.064934582 -2.578125
0 33 0.999249348 -0.0044884402 -1.703125
0 34 0.1668718947 -0.093014486 19.25
0 35 0.6924376933 -0.058206979 6.3125
0 36 0.9990199673 -0.013400008 -2.578125
0 37 0.9989397874 -0.014717029 -2.59375
0 38 0.1414633074 -0.11943297 16.375
0 39 0.9976918714 -0.010767208 -1.4296875
0 40 0.9990295447 -0.0078774579 -2.03125
0 41 0.9996163685 -0.030672923 -4.375
0 42 0.006594104801 -0.33758515 14.875
0 43 0.998929653 -0.020115795 -2.90625
0 44 0.4703854026 -0.073580518 10.25
0 45 0.9993333972 -0.020754337 -3.421875
0 46 0.9994625582 -0.0095020281 -2.84375
0 47 0.2709720672 -0.099013411 13.1875
1 0 0.09563507423 -3.2788737 0.044921875
1 1 0.1088512722 -35.251217 -2.734375
1 2 0.9997661549 -0.086024337 -5.90625
1 3 0.8204578455 -0.95513898 -1.46875
1 4 0.5045947711 -0.79183799 0.31640625
1 5 0.3626423731 -5.8910689 -1.671875
1 6 0.2481828968 -10.584334 -1.9609375
1 7 0.9970969055 -0.31713191 -4.6875
1 8 0.9924818208 -1.1237813 -5
1 9 0.120524341 -7.2744994 -1.0859375
1 10 0.7720045198 -0.9330132 -1.140625
1 11 0.9986974715 -0.30025443 -5.4375
1 12 0.2080791812 -16.139183 -2.28125
1 13 0.3545744272 -2.9854486 -0.87890625
1 14 0.9410938604 -6.419723 -4.65625
1 15 0.1345195353 -8.2430878 -1.2890625
1 16 0.9751246711 -2.2800987 -4.5
1 17 0.9983606086 -1.639089 -6.90625
1 18 0.9541115998 -1.3748703 -3.359375
1 19 0.9691646842 -6.1737876 -5.28125
1 20 0.9999617727 -0.29101658 -8.9375
1 21 0.2735457601 -17.450617 -2.5625
1 22 0.9994948727 -0.41849357 -6.71875
1 23 0.9991319192 -0.22664395 -5.5625
1 24 0.2617918148 -34.166649 -3.21875
1 25 0.6178297883 -20.085537 -3.71875
1 26 0.9967679533 -0.25087199 -4.34375
1 27 0.6236699133 -0.5720129 0.24902344
1 28 0.9966977151 -3.0088637 -6.8125
1 29 0.5491252501 -3.3829565 -1.640625
1 30 0.3463583628 -5.98384 -1.640625
1 31 0.4887390136 -5.2807202 -1.9296875
1 32 0.05863094128 -2.826566 0.546875
1 33 0.3472102175 -24.227783 -3.109375
1 34 0.9963622579 -0.351033 -4.5625
1 35 0.4898477774 -2.1170001 -0.9140625
1 36 0.2131008177 -1.257961 0.8828125
1 37 0.3190867152 -8.2430878 -1.90625
1 38 0.6509676767 -5.2807202 -2.46875
1 39 0.9997308077 -0.11219689 -6.03125
1 40 0.998914896 -0.41200542 -5.9375
1 41 0.6084924652 -2.5736175 -1.546875
1 42 0.9593445406 -0.36787945 -2.125
1 43 0.999747027 -0.14863673 -6.375
1 44 0.5556307899 -9.340642 -2.734375
1 45 0.5199383769 -2.614146 -1.2578125
1 46 0.7140871186 -16.393337 -3.875
1 47 0.4421688174 -5.2807202 -1.7890625
2 0 0.6074079066 -29.224283 -4.0625
2 1 0.988084349 -2.9391634 -5.5
2 2 0.43647033 -8.9129028 -2.328125
2 3 0.4609419516 -10.584334 -2.578125
2 4 0.9741660923 -5.4910803 -5.34375
2 5 0.9675668404 -2.8045692 -4.4375
2 6 0.5925301912 -38.11565 -4.28125
2 7 0.9641120047 -4.1126289 -4.71875
2 8 0.9201807287 -18.004559 -5.375
2 9 0.9919958397 -1.1600204 -4.96875
2 10 0.7330478922 -11.807678 -3.625
2 11 0.7494676134 -3.6011384 -2.484375
2 12 0.5725482047 -47.435696 -4.4375
2 13 0.82505205 -11.993622 -4.125
2 14 0.1636066494 -6.5719624 -1.1484375
2 15 0.2878215514 -5.4483485 -1.359375
2 16 0.6393897215 -28.771204 -4.15625
2 17 0.9971311666 -1.6878196 -6.375
2 18 0.6517696408 -45.263454 -4.65625
2 19 0.9905494098 -6.9413757 -6.59375
2 20 0.6796317279 -2.3250697 -1.7109375
2 21 0.5034036508 -10.584334 -2.703125
2 22 0.8733923301 -1.3509138 -2.25
2 23 0.9599786257 -1.0902704 -3.265625
2 24 0.6205712135 -11.266965 -3.140625
2 25 0.9988154987 -0.17107983 -4.96875
2 26 0.7288806666 -14.926304 -3.84375
2 27 0.9987079738 -0.26291159 -5.3125
2 28 0.9930521731 -0.39622176 -4.03125
2 29 0.9833420103 -1.8902682 -4.71875
2 30 0.9988775506 -0.21458218 -5.25
2 31 0.5261350469 -59.964336 -4.53125
2 32 0.758887177 -21.380943 -4.34375
2 33 0.998810992 -0.9257524 -6.65625
2 34 0.6112241973 -6.7278123 -2.578125
2 35 0.7652526358 -6.222209 -3.125
2 36 0.9018651682 -11.266965 -4.6875
2 37 0.9980250002 -0.62212801 -5.75
2 38 0.7835631809 -25.79034 -4.65625
2 39 0.9974414153 -1.0676177 -6.03125
2 40 0.6934038948 -38.715885 -4.65625
2 41 0.948822877 -2.9854486 -4.03125
2 42 0.6283962071 -14.021965 -3.390625
2 43 0.2349732788 -8.1152906 -1.6328125
2 44 0.7201455795 -36.942955 -4.71875
2 45 0.9179939135 -7.9894748 -4.53125
2 46 0.5659169632 -2.826566 -1.5
2 47 0.5510562026 -3.4362302 -1.6640625
4 0 0.626543692 -2.9391634 -1.7578125
4 1 0.6621031316 -3.6011384 -2.109375
4 2 0.4104850834 -11.807678 -2.546875
4 3 0.6720931632 -0.96923321 -0.6796875
4 4 0.9996292195 -0.14519356 -5.96875
4 5 0.5940619332 -2.6039546 -1.5078125
4 6 0.9994560348 -0.37367269 -6.53125
4 7 0.996698458 -2.1336038 -6.46875
4 8 0.9981888775 -2.2535348 -7.125
4 9 0.3744936437 -14.694893 -2.671875
4 10 0.509413174 -18.004559 -3.265625
4 11 0.8118970826 -17.725424 -4.4375
4 12 0.3047648661 -19.467569 -2.765625
4 13 0.9988423432 -0.1953793 -5.125
4 14 0.5684297838 -2.8045692 -1.5
4 15 0.9993394538 -0.18354186 -5.625
4 16 0.4686299618 -14.021965 -2.890625
4 17 0.9015562722 -5.7098198 -4
4 18 0.999527462 -0.2608656 -6.3125
4 19 0.8848354423 -8.6386814 -4.25
4 20 0.9992346157 -0.13323711 -5.15625
4 21 0.9981938545 -0.28650481 -5.0625
4 22 0.2673493656 -2.1005254 -0.13476562
4 23 0.7377172918 -1.4074744 -1.421875
4 24 0.9477404397 -1.6199931 -3.390625
4 25 0.8226257128 -2.4750237 -2.5
4 26 0.5878669832 -2.1087465 -1.25
4 27 0.4333836992 -3.6578481 -1.359375
4 28 0.9922306157 -1.8537072 -5.46875
4 29 0.999355386 -0.1157584 -5.1875
4 30 0.4962176245 -5.3221374 -1.9609375
4 31 0.9810504462 -0.35935754 -2.90625
4 32 0.3374105434 -4.9221725 -1.3984375
4 33 0.2414464985 -8.3728971 -1.6875
4 34 0.836169248 -5.0784192 -3.328125
4 35 0.1329947954 -3.1287231 -0.099121094
4 36 0.9988050131 -0.24315347 -5.3125
4 37 0.8755436857 -1.3067957 -2.234375
4 38 0.9225277217 -4.0488687 -3.90625
4 39 0.9876059026 -4.1773934 -5.8125
4 40 0.9885262909 -5.7997365 -6.21875
4 41 0.6217254968 -9.4877357 -2.96875
4 42 0.7434153193 -11.807678 -3.671875
4 43 0.4292385181 -37.524723 -3.78125
4 44 0.8221621847 -7.3315539 -3.609375
4 45 0.9994567136 -0.13746651 -5.53125
4 46 0.3679209503 -4.343802 -1.3515625
4 47 0.9966718271 -0.37513521 -4.71875
5 0 0.9915363637 -2.0200555 -5.46875
5 1 0.8869829486 -0.98744518 -2.046875
5 2 0.9984343501 -0.47793466 -5.71875
5 3 0.5842093261 -5.3638797 -2.25
5 4 0.3395696446 -1.5855597 -0.024047852
5 5 0.9727319615 -5.98384 -5.375
5 6 0.542357625 -1.4408517 -0.63671875
5 7 0.9125355477 -2.8487349 -3.421875
5 8 0.6937128783 -0.86121243 -0.63671875
5 9 0.5418174903 -14.694893 -3.15625
5 10 0.9650448946 -0.50875878 -2.625
5 11 0.9953461449 -0.52490854 -4.71875
5 12 0.7438388441 -3.924298 -2.546875
5 13 0.9860832757 -3.4362302 -5.5
5 14 0.7584573528 -0.70772254 -0.73828125
5 15 0.1625290678 -1.0289763 1.578125
5 16 0.9986037662 -0.23567241 -5.125
5 17 0.7573624553 -0.96852362 -1.1015625
5 18 0.9987930971 -1.7550547 -7.28125
5 19 0.5115111496 -1.6616523 -0.69921875
5 20 0.4310814945 -1.6944255 -0.44140625
5 21 0.4198247691 -1.8537072 -0.515625
5 22 0.8283132301 -1.6944255 -2.140625
5 23 0.9971001493 -0.80666745 -5.625
5 24 0.6548677623 -0.90696061 -0.51953125
5 25 0.4556143078 -18.004559 -3.109375
5 26 0.9010630592 -0.46869057 -1.390625
5 27 0.9985685742 -0.47980523 -5.8125
5 28 0.9948947644 -1.7143989 -5.8125
5 29 0.9979900788 -0.18211353 -4.5
5 30 0.9673193827 -0.31713191 -2.203125
5 31 0.7415970898 -7.5054169 -3.203125
5 32 0.9984604388 -0.87734115 -6.34375
5 33 0.7083600494 -1.3042458 -1.1953125
5 34 0.9995086715 -0.25482264 -6.25
5 35 0.7678089774 -3.893759 -2.65625
5 36 0.6655299095 -0.93483728 -0.60546875
5 37 0.9975926595 -1.7619238 -6.59375
5 38 0.1218927685 -3.2533574 -0.094726562
5 39 0.7126827423 -4.7707334 -2.609375
5 40 0.2598846824 -2.3069758 -0.23144531
5 41 0.2226745065 -24.609314 -2.765625
5 42 0.9939522671 -0.26914635 -3.78125
5 43 0.998697847 -0.26497361 -5.3125
5 44 0.9086252147 -2.8045692 -3.359375
5 45 0.9980690463 -1.3273748 -6.53125
5 46 0.9043284942 -0.50283158 -1.5078125
5 47 0.4853251465 -0.64187652 0.734375
6 0 0.8772620733 -1.3067957 -2.25
6 1 0.7633651327 -10.920317 -3.6875
6 2 0.7105894226 -0.98702341 -0.8828125
6 3 0.9100156933 -1.3482779 -2.625
6 4 0.9465480347 -1.8464803 -3.5
6 5 0.9873215128 -0.25087199 -2.953125
6 6 0.9573720234 -2.5535893 -4.0625
6 7 0.8136246701 -1.2966262 -1.7578125
6 8 0.9792787979 -0.34830126 -2.78125
6 9 0.9839135397 -0.8662734 -3.96875
6 10 0.9979402932 -1.8178532 -6.78125
6 11 0.9991325996 -0.16071463 -5.21875
6 12 0.9983593599 -0.48546103 -5.6875
6 13 0.964282814 -12.182494 -5.8125
6 14 0.8549998737 -1.6105287 -2.28125
6 15 0.9994166549 -0.25883552 -6.09375
6 16 0.9627266171 -1.2966262 -3.515625
6 17 0.9814610561 -4.7336068 -5.53125
6 18 0.7409207489 -0.89246362 -0.91796875
6 19 0.8638900934 -1.1031222 -1.953125
6 20 0.9984277872 -0.57875562 -5.90625
6 21 0.9989992243 -2.1842008 -7.6875
6 22 0.9023547502 -2.9162908 -3.328125
6 23 0.8792372197 -1.868246 -2.640625
6 24 0.9844796197 -5.0784192 -5.78125
6 25 0.8507672312 -2.1756854 -2.5625
6 26 0.03410208339 -52.097919 -2.703125
6 27 0.9992153307 -0.88855028 -7.03125
6 28 0.8868896607 -0.64438874 -1.5859375
6 29 0.9979321352 -2.0043354 -6.875
6 30 0.8530983819 -1.2890509 -2.03125
6 31 0.5646226078 -2.5535893 -1.3828125
6 32 0.9537102308 -0.70910621 -2.671875
6 33 0.893865231 -7.2178888 -4.15625
6 34 0.7981372147 -0.8074556 -1.1328125
6 35 0.8119113852 -1.9887375 -2.203125
6 36 0.991063274 -0.74023968 -4.40625
6 37 0.9539823223 -0.43009463 -2.15625
6 38 0.9086718634 -2.7182817 -3.328125
6 39 0.9103267569 -0.93758005 -2.25
6 40 0.9399107962 -0.72876334 -2.421875
6 41 0.9911421552 -1.366838 -5.03125
6 42 0.9992940359 -1.0263419 -7.28125
6 43 0.9986153164 -0.20001258 -4.96875
6 44 0.9931536906 -0.84868896 -4.8125
6 45 0.870038523 -23.482372 -5.125
6 46 0.9170587587 -1.7550547 -2.984375
6 47 0.9997678333 -0.15455775 -6.5
8 0 0.9971815377 -0.13117145 -3.828125
8 1 0.5754403553 -1.9655679 -1.125
8 2 0.8814824836 -8.1152906 -4.15625
8 3 0.9993024603 -0.17651048 -5.53125
8 4 0.2347005527 -1.639089 0.3515625
8 5 0.9080080753 -0.85534531 -2.125
8 6 0.02869356378 -4.481689 0.18945312
8 7 0.9994320774 -0.48546103 -6.75
8 8 0.8944567902 -9.4877357 -4.4375
8 9 0.9115124332 -11.807678 -4.84375
8 10 0.9994893508 -0.17651048 -5.84375
8 11 0.6779288582 -1.3273748 -1.078125
8 12 0.9992481038 -0.07473924 -4.59375
8 13 0.9406369546 -0.29329905 -1.4609375
8 14 0.8925581156 -5.4483485 -3.859375
8 15 0.001286073027 -4.7336068 1.125
8 16 0.9989859805 -0.18789443 -5.21875
8 17 0.8780771946 -7.3890562 -4.03125
8 18 0.6063526605 -1.3802514 -0.828125
8 19 0.9058046581 -1.1634238 -2.421875
8 20 0.9992911366 -0.23752081 -5.8125
8 21 0.863095742 -0.91229045 -1.7421875
8 22 0.9357385748 -0.88077497 -2.546875
8 23 0.9991650642 -0.23201865 -5.625
8 24 0.9686867823 -6.2710104 -5.28125
8 25 0.998785211 -0.37076476 -5.71875
8 26 0.9993019182 -0.29101658 -6.03125
8 27 0.7828170297 -1.3144752 -1.5859375
8 28 0.9995200651 -0.24126123 -6.21875
8 29 0.998721522 -0.12322418 -4.5625
8 30 0.6276814656 -1.8107661 -1.2265625
8 31 0.9994736727 -1.0456908 -7.59375
8 32 0.9988385958 -0.077111721 -4.1875
8 33 0.8238465832 -1.3482779 -1.8671875
8 34 0.6996250069 -12.968197 -3.578125
8 35 0.996896619 -0.3722159 -4.78125
8 36 0.5570002932 -0.91541398 -0.11083984
8 37 0.7558778462 -1.2074088 -1.34375
8 38 0.3351674068 -2.5337172 -0.6171875
8 39 0.9991240941 -0.58329481 -6.5
8 40 0.9662097145 -5.2807202 -5.03125
8 41 0.9768020166 -5.9372735 -5.53125
8 42 0.9958575564 -0.52902544 -4.84375
8 43 0.8288146675 -1.1634238 -1.7421875
8 44 0.999498914 -0.052998058 -4.65625
8 45 0.4629269548 -1.5701511 -0.45703125
8 46 0.7579610607 -7.8656092 -3.328125
8 47 0.00282225363 -4.4122071 1.0234375
9 0 0.8032943533 -1.3377855 -1.7265625
9 1 0.8651183607 -1.1166706 -1.9765625
9 2 0.9265301517 -0.80824453 -2.3125
9 3 0.9971580288 -0.57875562 -5.3125
9 4 0.9320954882 -5.6212974 -4.375
9 5 0.9425822769 -1.0451803 -2.84375
9 6 0.9374345163 -6.419723 -4.59375
9 7 0.9984201689 -1.8464803 -7.0625
9 8 0.9429685841 -1.0068901 -2.8125
9 9 0.3971440727 -27.028044 -3.359375
9 10 0.9994346601 -0.22842154 -6
9 11 0.9585435574 -0.52082366 -2.46875
9 12 0.9993238332 -0.18211353 -5.59375
9 13 0.998142346 -0.14863673 -4.375
9 14 0.425919335 -8.7747211 -2.28125
9 15 0.9971150679 -0.47236654 -5.09375
9 16 0.9398263535 -1.257961 -2.984375
9 17 0.8990117913 -0.86373925 -2.03125
9 18 0.9877443061 -0.30025443 -3.171875
9 19 0.9980015508 -0.67005825 -5.8125
9 20 0.7578670949 -0.68061012 -0.6875
9 21 0.9744028558 -0.83227384 -3.453125
9 22 0.9474356489 -0.82017118 -2.6875
9 23 0.9793297535 -7.2178888 -5.84375
9 24 0.9193995112 -0.851179 -2.265625
9 25 0.9791644962 -0.9198947 -3.765625
9 26 0.9993547872 -0.17377394 -5.59375
9 27 0.96233589 -0.7548396 -2.953125
9 28 0.9992691889 -0.16324551 -5.40625
9 29 0.9994894233 -0.16071463 -5.75
9 30 0.987992915 -0.60653067 -3.90625
9 31 0.9981911924 -1.2827721 -6.5625
9 32 0.9346119372 -0.88335913 -2.53125
9 33 0.9485506908 -0.68997926 -2.53125
9 34 0.9893645164 -0.23752081 -3.078125
9 35 0.9987219055 -0.40246132 -5.75
9 36 0.9759271835 -3.4094892 -4.9375
9 37 0.9784449369 -0.99718112 -3.8125
9 38 0.9816171767 -3.4362302 -5.21875
9 39 0.99955874 -0.99333894 -7.71875
9 40 0.8552746915 -1.3856535 -2.125
9 41 0.03256248458 -49.712181 -2.640625
9 42 0.9986873526 -0.29329905 -5.40625
9 43 0.8828203182 -0.76672661 -1.734375
9 44 0.9988862807 -0.21291229 -5.25
9 45 0.9906095613 -0.31713191 -3.5
9 46 0.8555077727 -3.6293824 -3.125
9 47 0.9993128468 -0.2528396 -5.90625
10 0 0.9985033959 -0.85284311 -6.34375
10 1 0.8307462908 -0.98137677 -1.5703125
10 2 0.9767979199 -0.60771644 -3.234375
10 3 0.9974239666 -0.18211353 -4.25
10 4 0.9774826008 -13.379852 -6.375
10 5 0.9955249731 -2.9854486 -6.5
10 6 0.3933576343 -1.2840254 0.065917969
10 7 0.9637623885 -7.7436643 -5.34375
10 8 0.9958285237 -0.75042963 -5.1875
10 9 0.9993320764 -0.73304594 -7
10 10 0.3119565626 -2.2099476 -0.36523438
10 11 0.9951611693 -4.5522652 -6.84375
10 12 0.9992850993 -1.0723196 -7.3125
10 13 0.1397261756 -3.0324626 -0.090332031
10 14 0.460348566 -1.0080277 0.14746094
10 15 0.903679145 -0.83390099 -2.046875
10 16 0.9990313176 -0.30498278 -5.75
10 17 0.9494102406 -5.1583924 -4.59375
10 18 0.9902558878 -4.0806241 -6.03125
10 19 0.9915991764 -0.24315347 -3.34375
10 20 0.9857256921 -0.61849338 -3.75
10 21 0.9996567835 -0.41361797 -7.09375
10 22 0.9992904011 -0.77880079 -7
10 23 0.9976842161 -2.6243775 -7.03125
10 24 0.7166647023 -5.7997365 -2.828125
10 25 0.9088247773 -1.4521524 -2.6875
10 26 0.9202774708 -11.624617 -4.9375
10 27 0.9919763705 -3.924298 -6.1875
10 28 0.9563992699 -0.61849338 -2.59375
10 29 0.5608542061 -1.9350947 -1.0546875
10 30 0.8669794842 -7.7436643 -3.984375
10 31 0.9734149022 -2.9391634 -4.6875
10 32 0.9993256112 -0.57649922 -6.75
10 33 0.9493793405 -0.51075 -2.234375
10 34 0.9042701325 -1.3144752 -2.53125
10 35 0.9892757576 -0.37955719 -3.546875
10 36 0.9946027714 -6.5208192 -7.09375
10 37 0.9684276987 -8.1152906 -5.53125
10 38 0.8386351395 -0.40403652 -0.60546875
10 39 0.8196238454 -18.004559 -4.5
10 40 0.9993177777 -0.45427048 -6.5
10 41 0.9977823338 -1.0482469 -6.15625
10 42 0.6411980233 -1.1487471 -0.75
10 43 0.9987595775 -2.2447491 -7.5
10 44 0.999400209 -1.0193498 -7.4375
10 45 0.5273151102 -1.5609779 -0.6796875
10 46 0.853164433 -0.34023288 -0.51953125
10 47 0.9657212505 -0.55441391 -2.734375
12 0 0.9961608105 -0.32719874 -4.4375
12 1 0.9990470585 -1.1852123 -7.125
12 2 0.9984773577 -0.351033 -5.4375
12 3 0.7150885463 -11.624617 -3.53125
12 4 0.9990916858 -0.13117145 -4.96875
12 5 0.9993835888 -0.46504319 -6.625
12 6 0.9911338742 -0.44029406 -3.890625
12 7 0.999416422 -0.40089229 -6.53125
12 8 0.9085351289 -0.95723999 -2.25
12 9 0.03406043684 -102.00277 -3.390625
12 10 0.162284419 -3.0562465 -0.20703125
12 11 0.9994187099 -0.3870433 -6.5
12 12 0.7989877462 -1.15437 -1.5390625
12 13 0.9477406313 -0.37076476 -1.859375
12 14 0.998397504 -0.14072643 -4.46875
12 15 0.9334318061 -0.40879917 -1.6953125
12 16 0.9995254696 -0.39313832 -6.71875
12 17 0.9994850399 -0.30260938 -6.375
12 18 0.8440976959 -0.75189674 -1.375
12 19 0.873896715 -5.7098198 -3.734375
12 20 0.9992811739 -0.11396374 -5.0625
12 21 0.9409648061 -2.9622157 -3.875
12 22 0.997704161 -0.22139375 -4.5625
12 23 0.8427858131 -3.6293824 -3.03125
12 24 0.9940310127 -0.34023288 -4.03125
12 25 0.976150177 -0.23383839 -2.21875
12 26 0.9613840838 -1.1177616 -3.328125
12 27 0.9996019716 -0.30025443 -6.625
12 28 0.9272214927 -1.868246 -3.1875
12 29 0.6947941193 -0.58786964 -0.15332031
12 30 0.998171481 -0.14183016 -4.34375
12 31 0.9993020295 -0.25682124 -5.90625
12 32 0.9834823256 -0.64313138 -3.640625
12 33 0.9996060616 -0.7826128 -7.59375
12 34 0.9932752403 -0.7592755 -4.71875
12 35 0.8590347502 -8.2430878 -3.984375
12 36 0.9978106859 -0.18643223 -4.4375
12 37 0.9955899805 -1.2665899 -5.65625
12 38 0.9972115786 -0.23752081 -4.4375
12 39 0.9997389022 -0.26914635 -6.9375
12 40 0.9795967505 -0.34290135 -2.78125
12 41 0.001880327055 -139.42126 -3.078125
12 42 0.7201065732 -1.1521175 -1.109375
12 43 0.9997041219 -0.35656098 -7.09375
12 44 0.7272466182 -1.2555065 -1.2421875
12 45 0.8673195004 -0.5167706 -1.1484375
12 46 0.996672455 -0.1953793 -4.0625
12 47 0.8546148246 -0.57425171 -1.15625
13 0 0.9995086569 -0.26291159 -6.28125
13 1 0.9814514309 -1.7482123 -4.53125
13 2 0.9925552249 -0.63563865 -4.4375
13 3 0.8759635058 -10.920317 -4.40625
13 4 0.8418578652 -1.3170451 -1.96875
13 5 0.9793803123 -0.29791784 -2.625
13 6 0.9983150843 -0.3537862 -5.34375
13 7 0.8127597532 -0.97970104 -1.4453125
13 8 0.7936756234 -5.8910689 -3.21875
13 9 0.9976012724 -3.2788737 -7.21875
13 10 0.7110250927 -5.9372735 -2.828125
13 11 0.8606778047 -11.993622 -4.375
13 12 0.9960486476 -0.23938371 -4.09375
13 13 0.9304779454 -1.7278451 -3.15625
13 14 0.9142055492 -8.9129028 -4.59375
13 15 0.9511945238 -0.93987185 -2.90625
13 16 0.8285343936 -1.0316175 -1.609375
13 17 0.9174804203 -0.70910621 -2.046875
13 18 0.9654614736 -0.40720543 -2.40625
13 19 0.9445586223 -1.2865357 -3.09375
13 20 0.9048592658 -2.3250697 -3.125
13 21 0.9993395705 -0.16711676 -5.53125
13 22 0.9667298152 -0.74023968 -3.0625
13 23 0.5204561566 -1.5041126 -0.609375
13 24 0.9958628011 -0.39932936 -4.5625
13 25 0.8970404325 -0.64944273 -1.703125
13 26 0.963168508 -12.968197 -5.84375
13 27 0.7594705242 -1.3093505 -1.453125
13 28 0.9993690943 -0.37076476 -6.375
13 29 0.9986677868 -0.21796136 -5.09375
13 30 0.9727439422 -2.0760536 -4.3125
13 31 0.9966449188 -0.75042963 -5.40625
13 32 0.994011447 -0.84044135 -4.9375
13 33 0.9532582293 -2.9854486 -4.125
13 34 0.9803738104 -1.0587922 -3.96875
13 35 0.9554965612 -6.3697643 -4.9375
13 36 0.6629249663 -1.4924076 -1.1484375
13 37 0.9902395735 -0.32465246 -3.484375
13 38 0.999349231 -0.29791784 -6.125
13 39 0.9232941213 -0.65709817 -2.046875
13 40 0.9435403899 -3.1043754 -3.96875
13 41 0.9968970228 -3.8634574 -7.125
13 42 0.8815120943 -3.9860969 -3.4375
13 43 0.9261032136 -8.6386814 -4.71875
13 44 0.9889661504 -0.32976499 -3.375
13 45 0.9845837165 -0.88292789 -4.03125
13 46 0.7495047295 -15.642632 -3.984375
13 47 0.7778654666 -1.9502718 -1.984375
14 0 0.9733088941 -0.38104272 -2.609375
14 1 0.9661637364 -0.24126123 -1.875
14 2 0.9731418037 -6.675456 -5.5
14 3 0.9687089271 -4.8838677 -5.03125
14 4 0.4796663933 -32.096596 -3.765625
14 5 0.159912888 -2.826566 -0.091308594
14 6 0.9579427517 -0.56978285 -2.546875
14 7 0.8744605733 -7.62361 -4.03125
14 8 0.9468847903 -0.34559074 -1.765625
14 9 0.9989118938 -0.22139375 -5.3125
14 10 0.990449858 -0.3537862 -3.59375
14 11 0.9508686982 -0.81299424 -2.75
14 12 0.9826370128 -0.76523054 -3.765625
14 13 0.9710813772 -2.826566 -4.5625
14 14 0.9998465245 -0.11943297 -6.65625
14 15 0.9901126713 -0.4989185 -3.90625
14 16 0.9313492159 -0.58557779 -2.046875
14 17 0.9762543295 -6.675456 -5.625
14 18 0.05609436044 -40.573898 -2.609375
14 19 0.8597745325 -5.0784192 -3.5
14 20 0.9163469539 -5.4483485 -4.125
14 21 0.9958305942 -0.084690653 -2.984375
14 22 0.9179421792 -0.70496339 -2.046875
14 23 0.9945017964 -2.0279617 -5.90625
14 24 0.9945381459 -1.0143228 -5.21875
14 25 0.9906589683 -1.0237143 -4.6875
14 26 0.9989111439 -0.99100745 -6.8125
14 27 0.997051256 -0.322126 -4.6875
14 28 0.9984552334 -0.23021308 -5
14 29 0.9963170075 -2.9622157 -6.6875
14 30 0.9586177319 -1.0449252 -3.1875
14 31 0.9853756356 -0.24506053 -2.78125
14 32 0.9232044611 -0.5479548 -1.8515625
14 33 0.9226508992 -0.38855812 -1.46875
14 34 0.917862574 -11.624617 -4.90625
14 35 0.9401861153 -6.7278123 -4.6875
14 36 0.7955425739 -17.725424 -4.34375
14 37 0.5482061129 -1.5337787 -0.734375
14 38 0.9349397932 -0.48546103 -1.90625
14 39 0.7728627794 -10.420239 -3.6875
14 40 0.9765763318 -0.25482264 -2.328125
14 41 0.9966341248 -0.34559074 -4.625
14 42 0.9700861874 -0.59712726 -2.953125
14 43 0.9894293121 -0.25482264 -3.15625
14 44 0.9959281672 -0.36931929 -4.5
14 45 0.9898481019 -1.7211088 -5.125
14 46 0.999097015 -0.29329905 -5.78125
14 47 0.9967407744 -0.27768996 -4.4375
16 0 0.9670213389 -0.2528396 -1.953125
16 1 0.9362067566 -0.60181057 -2.15625
16 2 0.9825914933 -2.9622157 -5.125
16 3 0.9972337981 -1.15437 -6.03125
16 4 0.9996900682 -0.17651048 -6.34375
16 5 0.9950622731 -0.67136824 -4.90625
16 6 0.9978531192 -0.526963 -5.5
16 7 0.998302418 -0.31466395 -5.21875
16 8 0.993322788 -1.8609624 -5.625
16 9 0.9965955379 -0.18789443 -4
16 10 0.9997285567 -0.19845608 -6.59375
16 11 0.8946026456 -0.23383839 -0.49414062
16 12 0.9851954247 -0.62212801 -3.71875
16 13 0.999421049 -0.32976499 -6.34375
16 14 0.4952808316 -0.64944273 0.66796875
16 15 0.9740667996 -0.65966994 -3.203125
16 16 0.9972197179 -0.15822297 -4.03125
16 17 0.9995525248 -0.30737478 -6.53125
16 18 0.9465200132 -0.40246132 -1.921875
16 19 0.9932896058 -0.20636167 -3.40625
16 20 0.9993458284 -0.088755049 -4.90625
16 21 0.997434447 -0.38253409 -5
16 22 0.89484079 -0.94216931 -2.078125
16 23 0.9967660968 -0.27552897 -4.4375
16 24 0.977744269 -0.46323016 -3
16 25 0.8128824605 -0.2528396 0.23828125
16 26 0.9926337799 -4.0806241 -6.3125
16 27 0.907501998 -0.3722159 -1.2109375
16 28 0.9913257542 -0.13639674 -2.71875
16 29 0.9996621492 -0.30737478 -6.8125
16 30 0.803017572 -4.4468122 -2.984375
16 31 0.9992964717 -0.2842752 -6
16 32 0.8657486371 -0.5415709 -1.1875
16 33 0.9872379226 -0.24126123 -2.90625
16 34 0.9441827221 -5.1988502 -4.5
16 35 0.9916025084 -1.9426684 -5.4375
16 36 0.999118104 -0.2528396 -5.65625
16 37 0.998676339 -0.39160562 -5.6875
16 38 0.986373773 -1.2038766 -4.46875
16 39 0.9996622601 -0.19235022 -6.34375
16 40 0.9762908775 -3.5731142 -5
16 41 0.9840660876 -0.36787945 -3.109375
16 42 0.9984947919 -0.38104272 -5.53125
16 43 0.7790811015 -0.33235139 0.11279297
16 44 0.9960096836 -0.31961921 -4.375
16 45 0.9996875197 -0.31221524 -6.90625
16 46 0.6572329382 -0.71327329 -0.22167969
16 47 0.9969674854 -0.1953793 -4.15625
17 0 0.9993939772 -0.14863673 -5.5
17 1 0.937326631 -9.9430618 -5.03125
17 2 0.9832796925 -1.8392814 -4.6875
17 3 0.9998785434 -0.22664395 -7.53125
17 4 0.9977993846 -0.12913783 -4.0625
17 5 0.9759922342 -0.41039917 -2.796875
17 6 0.9703977675 -1.3965213 -3.828125
17 7 0.996447559 -0.322126 -4.5
17 8 0.9985855196 -0.41849357 -5.6875
17 9 0.9086830332 -22.059647 -5.4375
17 10 0.9545804152 -0.41200542 -2.125
17 11 0.9731607863 -2.0438673 -4.3125
17 12 0.9104039071 -0.70772254 -1.953125
17 13 0.9993054785 -0.7622472 -7
17 14 0.7572415431 -0.70496339 -0.7265625
17 15 0.3215452753 -0.80352259 1.1328125
17 16 0.9991261128 -0.14294255 -5.09375
17 17 0.9930777942 -4.343802 -6.4375
17 18 0.9669972146 -4.4122071 -4.875
17 19 0.9992587588 -0.10057265 -4.90625
17 20 0.9497700396 -0.38855812 -1.953125
17 21 0.9967454239 -0.22313017 -4.21875
17 22 0.8825081176 -6.7805791 -3.984375
17 23 0.9985933767 -0.20961139 -5
17 24 0.7986543248 -7.1059856 -3.4375
17 25 0.9787568611 -0.24506053 -2.390625
17 26 0.9758863586 -0.30025443 -2.46875
17 27 0.9896205524 -0.65071243 -4.125
17 28 0.8466889992 -0.61248285 -1.1640625
17 29 0.9477159969 -10.920317 -5.3125
17 30 0.939764444 -0.77576452 -2.484375
17 31 0.9454491142 -1.4521524 -3.234375
17 32 0.9984057586 -0.2608656 -5.09375
17 33 0.972934029 -6.7278123 -5.5
17 34 0.9337783978 -3.893759 -4.03125
17 35 0.999196158 -0.56978285 -6.5625
17 36 0.9904066578 -0.28650481 -3.375
17 37 0.9931293081 -0.21458218 -3.421875
17 38 0.9092384124 -2.3524768 -3.1875
17 39 0.9992577915 -0.15576996 -5.34375
17 40 0.9996201656 -0.32465246 -6.75
17 41 0.9608384826 -14.242779 -5.875
17 42 0.9748265793 -0.24698257 -2.21875
17 43 0.940072899 -2.9622157 -3.859375
17 44 0.8726772544 -0.72592217 -1.578125
17 45 0.9958621334 -1.8392814 -6.09375
17 46 0.8816440347 -0.57875562 -1.4140625
17 47 0.4608147749 -0.83227384 0.4296875
18 0 0.99950545 -0.11045744 -5.40625
18 1 0.9320351772 -0.33495805 -1.453125
18 2 0.9754417352 -0.47421533 -2.921875
18 3 0.204501688 -2.0358989 0.16601562
18 4 0.9990386732 -0.34290135 -5.875
18 5 0.985368572 -0.33758515 -3.109375
18 6 0.988382915 -0.21291229 -2.875
18 7 0.9635094029 -0.32465246 -2.109375
18 8 0.819092488 -0.45962527 -0.609375
18 9 0.9703625416 -0.55658382 -2.890625
18 10 0.996290313 -1.5488303 -6.03125
18 11 0.9995895754 -0.16581626 -6
18 12 0.9978226902 -0.30498278 -4.9375
18 13 0.9673052578 -3.0088637 -4.5
18 14 0.9502456783 -0.39622176 -1.984375
18 15 0.966249654 -0.4835684 -2.609375
18 16 0.9996185583 -0.71188152 -7.53125
18 17 0.9530000096 -10.099642 -5.34375
18 18 0.9975407375 -0.18498141 -4.3125
18 19 0.9994394727 -0.14183016 -5.53125
18 20 0.9989724215 -0.10215643 -4.59375
18 21 0.9985291132 -0.13323711 -4.5
18 22 0.9960711479 -0.96521884 -5.5
18 23 0.9196840363 -3.6578481 -3.765625
18 24 0.9561669838 -1.9887375 -3.78125
18 25 0.9981649214 -0.31961921 -5.15625
18 26 0.9942243269 -0.88985282 -5.03125
18 27 0.9995457861 -0.16197513 -5.875
18 28 0.9958140053 -0.16197513 -3.640625
18 29 0.9305375664 -0.20798019 -0.8828125
18 30 0.932271691 -0.52490854 -1.9453125
18 31 0.8832638009 -0.362176 -0.89453125
18 32 0.9960746745 -0.27768996 -4.25
18 33 0.8511524184 -0.51274902 -0.99609375
18 34 0.991193165 -0.26291159 -3.375
18 35 0.1093161652 -1.9200356 0.7734375
18 36 0.9969396501 -0.60416603 -5.28125
18 37 0.9962697622 -0.16581626 -3.78125
18 38 0.9953891946 -0.13117145 -3.328125
18 39 0.9091835685 -0.56094915 -1.6875
18 40 0.890183617 -0.61128771 -1.5625
18 41 0.9903064174 -0.34290135 -3.546875
18 42 0.9992792861 -0.67663383 -6.84375
18 43 0.9994259614 -0.18069631 -5.75
18 44 0.9953684668 -0.43346792 -4.53125
18 45 0.9914926173 -1.5337787 -5.1875
18 46 0.8967904554 -0.4507353 -1.296875
18 47 0.9066750898 -0.69675034 -1.890625
20 0 0.9662089367 -0.12913783 -1.1875
20 1 0.9388310075 -0.12516467 -0.421875
20 2 0.9996150005 -0.071316682 -5.21875
20 3 0.999609156 -0.060054667 -5.03125
20 4 0.9591844107 -0.30737478 -1.9296875
20 5 0.9993024603 -0.17651048 -5.53125
20 6 0.9105030537 -0.43686765 -1.4296875
20 7 0.9908765482 -1.5948774 -5.15625
20 8 0.6723980114 -0.43516445 0.3984375
20 9 0.999075484 -0.32976499 -5.875
20 10 0.9991323249 -0.18211353 -5.34375
20 11 0.9246906998 -0.20636167 -0.7734375
20 12 0.9076297353 -0.15946393 -0.17871094
20 13 0.9994646088 -0.26914635 -6.21875
20 14 0.9961020524 -0.81937063 -5.34375
20 15 0.203097755 -0.7795617 1.90625
20 16 0.9964632889 -0.17789488 -3.90625
20 17 0.9460110869 -3.2533574 -4.0625
20 18 0.9996098508 -0.038774207 -4.59375
20 19 0.9997182678 -0.055541489 -5.28125
20 20 0.9599943201 -0.31466395 -1.9765625
20 21 0.8658135237 -0.32976499 -0.6015625
20 22 0.9990463766 -0.29101658 -5.71875
20 23 0.927215311 -0.362176 -1.4609375
20 24 0.9238508068 -0.24698257 -0.97265625
20 25 0.9993340396 -0.23021308 -5.84375
20 26 0.9984714018 -1.0839008 -6.5625
20 27 0.9839774181 -0.12913783 -2.015625
20 28 0.9943599728 -0.15097742 -3.265625
20 29 0.9993545224 -0.22313017 -5.84375
20 30 0.9978872547 -0.43009463 -5.3125
20 31 0.7197927331 -0.29329905 0.7265625
20 32 0.9242734788 -0.19085334 -0.671875
20 33 0.9617589414 -0.12322418 -0.98828125
20 34 0.9997664302 -0.046045512 -5.28125
20 35 0.9997002014 -0.052176401 -5.15625
20 36 0.9155110361 -0.39160562 -1.375
20 37 0.9988511412 -0.20636167 -5.1875
20 38 0.7375442018 -1.0255905 -1.0625
20 39 0.9754974931 -2.389523 -4.5625
20 40 0.5084127504 -0.53945953 0.91796875
20 41 0.9994729071 -0.26497361 -6.21875
20 42 0.9982225756 -0.24891968 -4.9375
20 43 0.9668865117 -0.12913783 -1.2109375
20 44 0.7413281373 -0.34290135 0.33203125
20 45 0.9992335579 -0.25682124 -5.8125
20 46 0.9899192791 -1.2133187 -4.78125
20 47 0.5688276388 -0.39622176 1.1484375
21 0 0.9959818134 -0.13533528 -3.5
21 1 0.999120246 -0.10539922 -4.78125
21 2 0.004923245821 -1.3748703 3.84375
21 3 0.998970592 -0.15822297 -5.03125
21 4 0.9871333018 -0.13117145 -2.265625
21 5 0.9993847924 -0.11758133 -5.25
21 6 0.9980287973 -0.10539922 -3.96875
21 7 0.8328056509 -0.65966994 -1.140625
21 8 0.9993599233 -0.15699168 -5.5
21 9 0.5703868821 -0.48926854 0.765625
21 10 0.7344073354 -0.4201315 0.081542969
21 11 0.2171610416 -0.69539082 2.078125
21 12 0.7708608134 -0.351033 0.094238281
21 13 0.1593312401 -1.4779042 0.90234375
21 14 0.8554131374 -0.1953793 0.20214844
21 15 0.8065252289 -0.29791784 0.056396484
21 16 0.09763682919 -1.6136773 1.171875
21 17 0.999302549 -0.16581626 -5.46875
21 18 0.999334477 -0.15822297 -5.46875
21 19 0.9988866677 -0.18789443 -5.125
21 20 0.9977636206 -0.13963129 -4.125
21 21 0.8374196241 -0.38855812 -0.546875
21 22 0.9978747951 -0.087379023 -3.703125
21 23 0.9894660537 -0.31961921 -3.390625
21 24 0.9991726811 -0.13117145 -5.0625
21 25 0.9990548782 -0.16974847 -5.1875
21 26 0.341458972 -0.75779396 1.140625
21 27 0.9957554618 -0.14519356 -3.515625
21 28 0.9987101907 -0.15455775 -4.78125
21 29 0.9992855461 -0.24698257 -5.84375
21 30 0.519773315 -1.047991 -0.14257812
21 31 0.8214250474 -0.35935754 -0.31640625
21 32 0.9864861724 -0.21626517 -2.734375
21 33 0.9993945947 -0.099013411 -5.09375
21 34 0.001659452642 -1.5011778 4.25
21 35 0.9992577372 -0.16071463 -5.375
21 36 0.9948793611 -0.11758133 -3.109375
21 37 0.9989132296 -0.14748003 -4.90625
21 38 0.9985310877 -0.10705902 -4.28125
21 39 0.9013780688 -0.52286214 -1.515625
21 40 0.9990551362 -0.15455775 -5.09375
21 41 0.6488128072 -0.63563865 -0.025268555
21 42 0.9315922994 -0.16581626 -0.62890625
21 43 0.6058103951 -0.33235139 1.2578125
21 44 0.8735625971 -0.30260938 -0.57421875
21 45 0.6480705663 -0.52902544 0.23925781
21 46 0.4113095221 -0.70221502 0.93359375
21 47 0.6528870545 -0.39313832 0.671875
22 0 0.9929530546 -0.11943297 -2.796875
22 1 0.8825121423 -0.10215643 0.875
22 2 0.9499926028 -0.32719874 -1.7734375
22 3 0.9031031766 -0.27125728 -0.78515625
22 4 0.2133087315 -0.72876334 1.9921875
22 5 0.6658949602 -0.40720543 0.5390625
22 6 0.9967722971 -0.10376516 -3.453125
22 7 0.1451766993 -1.4380403 1.0390625
22 8 0.9959196099 -0.13533528 -3.484375
22 9 0.9695073671 -0.18643223 -1.7109375
22 10 0.981393562 -0.2528396 -2.5625
22 11 0.880943306 -0.18789443 -0.037353516
22 12 0.5664108892 -0.5901705 0.48242188
22 13 0.8554167157 -0.25883552 -0.18847656
22 14 0.9985096935 -0.093014486 -4.125
22 15 0.9915984973 -2.4944355 -5.6875
22 16 0.9571901161 -0.16324551 -1.1796875
22 17 0.8910128339 -0.10539922 0.6875
22 18 0.9220376773 -0.24891968 -0.953125
22 19 0.9969136395 -0.11396374 -3.59375
22 20 0.9299785654 -0.18643223 -0.7421875
22 21 0.7423336724 -0.2608656 0.7578125
22 22 0.9975091797 -0.13117145 -3.953125
22 23 0.9979315133 -0.12913783 -4.125
22 24 0.9965235459 -0.090152733 -3.234375
22 25 0.6746087999 -0.32465246 0.859375
22 26 0.9500784526 -0.31961921 -1.75
22 27 0.9184930946 -0.12913783 -0.070800781
22 28 0.9943774957 -0.12913783 -3.109375
22 29 0.9669194127 -0.30260938 -2.140625
22 30 0.8977132247 -0.20316233 -0.35546875
22 31 0.9116632046 -0.27986792 -0.9375
22 32 0.9702030973 -0.18211353 -1.7109375
22 33 0.8383223487 -0.12131377 1.1875
22 34 0.9111368645 -0.322126 -1.09375
22 35 0.976129687 -0.12516467 -1.546875
22 36 0.2728964544 -0.93529385 1.1015625
22 37 0.6333904783 -0.29329905 1.3203125
22 38 0.9935816549 -0.10874496 -2.796875
22 39 0.5069426744 -0.67531359 0.55078125
22 40 0.9976620814 -0.11219689 -3.859375
22 41 0.91311157 -0.2608656 -0.875
22 42 0.9959818134 -0.13533528 -3.5
22 43 0.9551848925 -0.11219689 -0.68359375
22 44 0.8372014336 -0.31221524 -0.265625
22 45 0.9734044644 -0.10057265 -1.1796875
22 46 0.9976661629 -0.095967084 -3.703125
22 47 0.9719077191 -4.2431779 -5
24 0 0.9982328447 -0.094479255 -3.96875
24 1 0.8743519808 -0.77425086 -1.6640625
24 2 0.7759187676 -10.420239 -3.703125
24 3 0.9987490961 -0.17513686 -4.9375
24 4 0.5972673224 -0.47980523 0.65625
24 5 0.9595882273 -0.37660345 -2.15625
24 6 0.5102079884 -1.3509138 -0.4375
24 7 0.9994808836 -0.41686201 -6.6875
24 8 0.9167578006 -8.1152906 -4.53125
24 9 0.9815997628 -5.3221374 -5.65625
24 10 0.9992215678 -0.24506053 -5.75
24 11 0.7621605201 -0.76672661 -0.85546875
24 12 0.9990362175 -0.07243976 -4.3125
24 13 0.9747012151 -0.13854466 -1.59375
24 14 0.9165026578 -4.377871 -3.90625
24 15 0.000116787424 -5.3221374 1.5
24 16 0.99865789 -0.19385885 -4.96875
24 17 0.9085126904 -5.98384 -4.125
24 18 0.7944865323 -0.55225247 -0.66015625
24 19 0.9347677836 -0.5720129 -2.078125
24 20 0.9996262559 -0.16581626 -6.09375
24 21 0.9444079093 -0.362176 -1.765625
24 22 0.9637913871 -0.40246132 -2.34375
24 23 0.9991116927 -0.19235022 -5.375
24 24 0.972098516 -5.7546029 -5.3125
24 25 0.9987762579 -0.29101658 -5.46875
24 26 0.9993020004 -0.26497361 -5.9375
24 27 0.8508840892 -0.78490901 -1.4765625
24 28 0.9993180586 -0.29329905 -6.0625
24 29 0.998461325 -0.10539922 -4.21875
24 30 0.7611222505 -1.0324993 -1.1953125
24 31 0.9994898702 -0.95211232 -7.53125
24 32 0.9973967679 -0.10705902 -3.703125
24 33 0.6982335397 -1.0833718 -0.93359375
24 34 0.8882455117 -7.62361 -4.15625
24 35 0.9994307586 -0.13117145 -5.4375
24 36 0.7283624283 -0.29791784 0.640625
24 37 0.8859248899 -0.59712726 -1.4921875
24 38 0.01136925015 -6.1737876 0.062988281
24 39 0.9990676981 -0.56534874 -6.40625
24 40 0.9626695818 -5.6653857 -5
24 41 0.9444769796 -9.0532608 -5.0625
24 42 0.9954954692 -0.3840313 -4.4375
24 43 0.8155928492 -0.92349505 -1.3984375
24 44 0.9994751158 -0.050571099 -4.5625
24 45 0.7912926876 -0.43346792 -0.33398438
24 46 0.8492208441 -5.6653857 -3.53125
24 47 0.001669831589 -3.7445915 1.5078125
25 0 0.945548067 -0.45427048 -2.03125
25 1 0.9752773681 -0.322126 -2.515625
25 2 0.9953424942 -0.15216155 -3.46875
25 3 0.9982812898 -0.42177585 -5.5
25 4 0.9715102722 -3.0562465 -4.65625
25 5 0.9584434107 -0.65453637 -2.703125
25 6 0.9873241621 -2.7610886 -5.375
25 7 0.9996295448 -0.91586107 -7.8125
25 8 0.9533424288 -0.45604843 -2.203125
25 9 0.4149038486 -23.482372 -3.265625
25 10 0.9996084309 -0.13963129 -5.875
25 11 0.9260015365 -0.34830126 -1.3984375
25 12 0.999280566 -0.15576996 -5.375
25 13 0.9987439924 -0.086024337 -4.21875
25 14 0.8607690189 -3.3305085 -3.078125
25 15 0.9987471749 -0.30737478 -5.5
25 16 0.9770292629 -0.49310595 -3.03125
25 17 0.9446311847 -0.4454841 -1.9921875
25 18 0.9913507226 -0.22488019 -3.234375
25 19 0.9977096791 -0.65709817 -5.65625
25 20 0.8458112153 -0.55658382 -1.046875
25 21 0.9757804682 -0.49697343 -2.984375
25 22 0.9794865877 -0.4201315 -2.984375
25 23 0.9934959869 -3.9550767 -6.40625
25 24 0.9351458463 -0.41849357 -1.75
25 25 0.9865524889 -0.73447907 -3.984375
25 26 0.9995494993 -0.12516467 -5.625
25 27 0.9790265362 -0.31713191 -2.671875
25 28 0.9991053145 -0.15097742 -5.125
25 29 0.9995767419 -0.12516467 -5.6875
25 30 0.9907007256 -0.5147559 -4
25 31 0.9988034014 -0.96122116 -6.6875
25 32 0.9756559525 -0.31713191 -2.515625
25 33 0.9428458941 -0.47052497 -2.015625
25 34 0.9862137248 -0.25682124 -2.890625
25 35 0.9974321402 -0.52286214 -5.3125
25 36 0.9880501117 -1.9655679 -5.09375
25 37 0.9809174773 -0.49118349 -3.21875
25 38 0.9775338646 -3.6011384 -5.0625
25 39 0.999039522 -1.4408517 -7.3125
25 40 0.9087695792 -0.69539082 -1.9140625
25 41 0.03836169767 -44.56171 -2.578125
25 42 0.9992913544 -0.19691168 -5.625
25 43 0.9768615769 -0.15822297 -1.8359375
25 44 0.9989038191 -0.19085334 -5.15625
25 45 0.9954410729 -0.17107983 -3.609375
25 46 0.7433528478 -2.7076843 -2.15625
25 47 0.9995010922 -0.1953793 -5.96875
26 0 0.9991308874 -0.59712726 -6.53125
26 1 0.9314487787 -0.43686765 -1.734375
26 2 0.9613475212 -0.69675034 -2.84375
26 3 0.9959658776 -0.18498141 -3.8125
26 4 0.9824180267 -11.444394 -6.46875
26 5 0.9956623563 -2.8935959 -6.5
26 6 0.9529012243 -0.14406367 -0.921875
26 7 0.9727264097 -6.5719624 -5.46875
26 8 0.9967181947 -0.5720129 -5.15625
26 9 0.9987071237 -0.78414285 -6.40625
26 10 0.5865641717 -0.84208441 -0.12304688
26 11 0.9977639576 -3.0562465 -7.21875
26 12 0.9995529668 -0.88811648 -7.59375
26 13 0.740432926 -0.78184891 -0.7578125
26 14 0.4275832578 -1.4019872 -0.18261719
26 15 0.9414780946 -0.48926854 -2.03125
26 16 0.9989364465 -0.28650481 -5.59375
26 17 0.9727689871 -3.7445915 -4.90625
26 18 0.9920396444 -3.4362302 -6.0625
26 19 0.9959808973 -0.13746651 -3.515625
26 20 0.989220506 -0.41849357 -3.640625
26 21 0.9996699215 -0.42342663 -7.15625
26 22 0.9990312567 -0.88163549 -6.8125
26 23 0.9979797585 -2.5139997 -7.125
26 24 0.7988507928 -4.5522652 -2.984375
26 25 0.9529894232 -0.49503589 -2.28125
26 26 0.9141045605 -11.807678 -4.875
26 27 0.9959245308 -2.8045692 -6.53125
26 28 0.976861003 -0.4201315 -2.859375
26 29 0.795858086 -1.0129617 -1.375
26 30 0.9420553366 -4.9221725 -4.40625
26 31 0.9764984547 -2.6761389 -4.71875
26 32 0.9986359425 -0.75336677 -6.3125
26 33 0.9783658522 -0.19385885 -2.125
26 34 0.9871088922 -0.39160562 -3.390625
26 35 0.9984841762 -0.11396374 -4.3125
26 36 0.9935942336 -6.8337598 -6.96875
26 37 0.9798065509 -6.419723 -5.75
26 38 0.7540597581 -0.4201315 -0.04296875
26 39 0.9003607442 -12.569208 -4.78125
26 40 0.9988222853 -0.4201315 -5.875
26 41 0.9992054692 -0.61849338 -6.65625
26 42 0.8091617927 -0.48926854 -0.61328125
26 43 0.9991637458 -1.8828988 -7.71875
26 44 0.9992992567 -1.0844302 -7.34375
26 45 0.415807472 -1.2530568 0.014282227
26 46 0.8411050784 -0.362176 -0.49023438
26 47 0.9804326493 -0.20316233 -2.28125
28 0 0.9976542242 -0.16581626 -4.25
28 1 0.9995549376 -0.80509347 -7.5
28 2 0.9987472558 -0.29791784 -5.46875
28 3 0.8153969231 -9.1958284 -3.796875
28 4 0.9983966901 -0.15455775 -4.5625
28 5 0.9961520215 -1.1759889 -5.71875
28 6 0.9979138193 -0.14294255 -4.21875
28 7 0.9996141715 -0.351033 -6.8125
28 8 0.9768880528 -0.26291159 -2.375
28 9 0.2915501146 -63.831703 -3.9375
28 10 0.7004243367 -0.85201067 -0.65625
28 11 0.9993836887 -0.37367269 -6.40625
28 12 0.9254173194 -0.56756145 -1.921875
28 13 0.9740235401 -0.14748003 -1.6328125
28 14 0.9978989736 -0.13117145 -4.125
28 15 0.8874142645 -0.57649922 -1.46875
28 16 0.9996801835 -0.21967085 -6.53125
28 17 0.9995894059 -0.24891968 -6.40625
28 18 0.9197151345 -0.45249945 -1.59375
28 19 0.8949439963 -5.1583924 -3.828125
28 20 0.9985842956 -0.14980251 -4.65625
28 21 0.9548827006 -2.5436339 -4
28 22 0.9980518573 -0.17651048 -4.5
28 23 0.8408508014 -3.3566301 -2.9375
28 24 0.996803812 -0.16324551 -3.921875
28 25 0.9970700107 -0.078326054 -3.265625
28 26 0.987868118 -0.5415709 -3.78125
28 27 0.9995237991 -0.23938371 -6.21875
28 28 0.9669886212 -1.0288507 -3.40625
28 29 0.7563474685 -0.42674762 -0.079101562
28 30 0.9977993846 -0.12913783 -4.0625
28 31 0.9995699926 -0.14406367 -5.8125
28 32 0.9899897186 -0.38253409 -3.625
28 33 0.9991864198 -1.0770423 -7.1875
28 34 0.9945718193 -0.61248285 -4.71875
28 35 0.8866704316 -7.0506864 -4.0625
28 36 0.9971937495 -0.19235022 -4.21875
28 37 0.9990998455 -0.58102077 -6.46875
28 38 0.9969705986 -0.17242162 -4.03125
28 39 0.9991138623 -0.52082366 -6.375
28 40 0.9939325843 -0.12913783 -3.03125
28 41 0.1158331709 -81.961533 -3.625
28 42 0.8931498216 -0.5415709 -1.4609375
28 43 0.9996260532 -0.31961921 -6.75
28 44 0.7637707539 -1.1465056 -1.328125
28 45 0.9103409843 -0.31221524 -1.046875
28 46 0.9971107513 -0.15455775 -3.96875
28 47 0.9774019374 -0.17107983 -1.9453125
29 0 0.9991317705 -0.24891968 -5.65625
29 1 0.9591277366 -2.4461889 -4.0625
29 2 0.9939466871 -0.47052497 -4.34375
29 3 0.9776930887 -4.4468122 -5.28125
29 4 0.8473968534 -0.9616906 -1.671875
29 5 0.9951058821 -0.1953793 -3.671875
29 6 0.9986461155 -0.26705185 -5.28125
29 7 0.9730275194 -0.20316233 -1.9375
29 8 0.9543271699 -2.826566 -4.09375
29 9 0.9957282639 -4.5522652 -6.96875
29 10 0.9168426238 -3.0562465 -3.546875
29 11 0.9227297979 -8.2430878 -4.625
29 12 0.9970238462 -0.13639674 -3.8125
29 13 0.9489452212 -1.3775582 -3.25
29 14 0.7986505581 -14.021965 -4.125
29 15 0.962648663 -0.82017118 -3.046875
29 16 0.6307284466 -1.5011778 -1.0234375
29 17 0.949325331 -0.29559943 -1.6484375
29 18 0.9805217881 -0.18498141 -2.1875
29 19 0.9818829262 -0.526963 -3.34375
29 20 0.8973205399 -2.0043354 -2.890625
29 21 0.9995898061 -0.11396374 -5.625
29 22 0.9689641565 -0.67928213 -3.046875
29 23 0.6807692383 -0.8662734 -0.58203125
29 24 0.9956507413 -0.37076476 -4.4375
29 25 0.9440978863 -0.32465246 -1.640625
29 26 0.9707463574 -11.266965 -5.9375
29 27 0.8587652493 -0.6343984 -1.3046875
29 28 0.9992537859 -0.41200542 -6.3125
29 29 0.9987088732 -0.20475574 -5.0625
29 30 0.9823588148 -1.7143989 -4.5625
29 31 0.996079791 -0.77425086 -5.28125
29 32 0.9996596732 -0.16071463 -6.15625
29 33 0.9876734165 -1.2324257 -4.59375
29 34 0.9873165769 -0.67136824 -3.953125
29 35 0.9250156665 -7.9894748 -4.625
29 36 0.7633369963 -0.96710593 -1.1328125
29 37 0.9791440823 -0.3840313 -2.875
29 38 0.9993236859 -0.20636167 -5.71875
29 39 0.9202800006 -0.43346792 -1.5546875
29 40 0.862909735 -4.6602192 -3.4375
29 41 0.9987835445 -2.2712095 -7.53125
29 42 0.7721406481 -5.3221374 -3
29 43 0.862707325 -11.444394 -4.34375
29 44 0.9902106373 -0.24698257 -3.203125
29 45 0.9843812549 -0.80273825 -3.921875
29 46 0.9179563867 -8.7747211 -4.625
29 47 0.8880421784 -1.2765238 -2.328125
30 0 0.9526911018 -0.33235139 -1.8515625
30 1 0.9740796233 -0.17242162 -1.8046875
30 2 0.9689197041 -6.8337598 -5.375
30 3 0.9565303498 -5.3221374 -4.78125
30 4 0.8911479611 -12.968197 -4.71875
30 5 0.1279706679 -2.7827439 0.089355469
30 6 0.9505261391 -0.46323016 -2.15625
30 7 0.9028855307 -6.5719624 -4.15625
30 8 0.9858672686 -0.14633234 -2.28125
30 9 0.9954144335 -0.30498278 -4.1875
30 10 0.9764348846 -0.47607136 -2.96875
30 11 0.9907913229 -0.17377394 -2.90625
30 12 0.9935993778 -0.3537862 -4
30 13 0.9898874794 -1.7143989 -5.125
30 14 0.9998645784 -0.084690653 -6.4375
30 15 0.9944798767 -0.30498278 -4
30 16 0.9638043372 -0.28206295 -1.96875
30 17 0.9820185001 -5.8910689 -5.78125
30 18 0.171910009 -31.598986 -2.859375
30 19 0.9121927567 -3.8333919 -3.71875
30 20 0.9463217469 -4.1448851 -4.3125
30 21 0.9941652341 -0.093014486 -2.734375
30 22 0.9389826409 -0.48168314 -1.96875
30 23 0.9972197079 -1.3992516 -6.21875
30 24 0.9966446882 -0.77425086 -5.4375
30 25 0.9922336255 -0.87734115 -4.71875
30 26 0.9992721599 -0.79882818 -7
30 27 0.9980038275 -0.21796136 -4.6875
30 28 0.9989464137 -0.15216155 -4.96875
30 29 0.9954187873 -3.3566301 -6.59375
30 30 0.9702072809 -0.97077256 -3.453125
30 31 0.9926194776 -0.12322418 -2.78125
30 32 0.9856055024 -0.15822297 -2.34375
30 33 0.9454298437 -0.26705185 -1.453125
30 34 0.9271450483 -10.584334 -4.9375
30 35 0.977007268 -3.6865368 -5.0625
30 36 0.7317627692 -20.72312 -4.1875
30 37 0.8242263897 -0.59479928 -0.95703125
30 38 0.9798218539 -0.30498278 -2.671875
30 39 0.7504459153 -10.584334 -3.59375
30 40 0.954954435 -0.30260938 -1.8046875
30 41 0.999033461 -0.12713574 -4.875
30 42 0.9911030683 -0.30978554 -3.53125
30 43 0.9675564887 -0.4507353 -2.578125
30 44 0.9817720062 -0.60890454 -3.484375
30 45 0.9710768414 -2.9162908 -4.59375
30 46 0.999434887 -0.17242162 -5.71875
30 47 0.9982115444 -0.17242162 -4.5625
32 0 0.9706308586 -0.20001258 -1.828125
32 1 0.9935546381 -0.12713574 -2.953125
32 2 0.9624276503 -4.1773934 -4.6875
32 3 0.994734177 -1.5609779 -5.6875
32 4 0.9994523267 -0.15699168 -5.65625
32 5 0.9995491804 -0.20636167 -6.125
32 6 0.98564124 -1.2690661 -4.46875
32 7 0.9994812659 -0.19085334 -5.90625
32 8 0.9908517824 -2.1842008 -5.46875
32 9 0.9964082525 -0.17789488 -3.890625
32 10 0.9988137352 -0.30025443 -5.53125
32 11 0.9043011909 -0.18211353 -0.3046875
32 12 0.996666207 -0.25087199 -4.3125
32 13 0.999333875 -0.27768996 -6.03125
32 14 0.6491860557 -0.47980523 0.37890625
32 15 0.9830645308 -0.37367269 -3.0625
32 16 0.9974711492 -0.12713574 -3.90625
32 17 0.9995560609 -0.2608656 -6.375
32 18 0.9699632562 -0.25482264 -2.0625
32 19 0.993228869 -0.14863673 -3.0625
32 20 0.9993564549 -0.07243976 -4.71875
32 21 0.9992337511 -0.21967085 -5.65625
32 22 0.9084230438 -0.71886754 -1.9453125
32 23 0.9975219938 -0.18069631 -4.28125
32 24 0.9843675408 -0.30978554 -2.953125
32 25 0.8678235014 -0.2528396 -0.28515625
32 26 0.9959243512 -2.9854486 -6.59375
32 27 0.9272985285 -0.25087199 -1.046875
32 28 0.9926370274 -0.11396374 -2.703125
32 29 0.9995730318 -0.27552897 -6.46875
32 30 0.7722157712 -5.2396255 -2.984375
32 31 0.9993441747 -0.28206295 -6.0625
32 32 0.8906218243 -0.41200542 -1.125
32 33 0.9671457295 -0.30498278 -2.15625
32 34 0.9833835727 -2.7396016 -5.09375
32 35 0.9907463482 -2.0121801 -5.375
32 36 0.9997178703 -0.12516467 -6.09375
32 37 0.9990162784 -0.27338478 -5.625
32 38 0.996718493 -0.55441391 -5.125
32 39 0.9987578455 -0.22313017 -5.1875
32 40 0.9777112081 -3.3566301 -5
32 41 0.9844773476 -0.37513521 -3.15625
32 42 0.9996488606 -0.17107983 -6.1875
32 43 0.8266477044 -0.25883552 0.083007812
32 44 0.9888262365 -0.46869057 -3.71875
32 45 0.9995454902 -0.30260938 -6.5
32 46 0.8133965058 -0.32719874 -0.12792969
32 47 0.9962049992 -0.19691168 -3.9375
33 0 0.9982641126 -0.22842154 -4.875
33 1 0.9214635828 -11.444394 -4.9375
33 2 0.978432209 -2.0358989 -4.53125
33 3 0.9999329229 -0.12913783 -7.5625
33 4 0.9918217513 -0.19691168 -3.15625
33 5 0.9951242838 -0.14980251 -3.40625
33 6 0.964993729 -1.4635417 -3.703125
33 7 0.9986479925 -0.17242162 -4.84375
33 8 0.9995958266 -0.20961139 -6.25
33 9 0.9189550513 -20.72312 -5.5
33 10 0.955564155 -0.30498278 -1.828125
33 11 0.9810922457 -1.7278451 -4.5
33 12 0.8767104676 -0.37513521 -0.8671875
33 13 0.9994173857 -0.68061012 -7.0625
33 14 0.788921367 -0.5047996 -0.51171875
33 15 0.1905542782 -1.3017009 0.9453125
33 16 0.9986268866 -0.16974847 -4.8125
33 17 0.9917854441 -4.8458614 -6.375
33 18 0.9646403634 -4.5879693 -4.84375
33 19 0.9990490483 -0.10705902 -4.71875
33 20 0.9575437933 -0.26497361 -1.7265625
33 21 0.9972635218 -0.15097742 -4
33 22 0.8529370062 -7.7436643 -3.875
33 23 0.9974983944 -0.24126123 -4.5625
33 24 0.7960149358 -6.7805791 -3.375
33 25 0.9855042553 -0.18789443 -2.515625
33 26 0.9782304051 -0.25883552 -2.421875
33 27 0.988831091 -0.65838277 -4.0625
33 28 0.8857597058 -0.24315347 -0.43554688
33 29 0.9522744015 -10.584334 -5.375
33 30 0.9325276426 -0.61009496 -2.109375
33 31 0.93844848 -1.4549915 -3.109375
33 32 0.9990324761 -0.17377394 -5.1875
33 33 0.9544266691 -8.6386814 -5.21875
33 34 0.942209296 -3.3829565 -4.03125
33 35 0.9997749059 -0.25482264 -7.03125
33 36 0.9979358532 -0.10215643 -3.890625
33 37 0.9865199844 -0.25883552 -2.921875
33 38 0.9276424034 -2.0358989 -3.28125
33 39 0.9927502411 -0.40089229 -4
33 40 0.9992742669 -0.25883552 -5.875
33 41 0.9550641097 -15.400115 -5.8125
33 42 0.9720498164 -0.22664395 -2.015625
33 43 0.9546978929 -2.634649 -4.03125
33 44 0.9317720648 -0.26914635 -1.203125
33 45 0.9981933179 -0.99804878 -6.3125
33 46 0.9021743009 -0.33758515 -1.03125
33 47 0.7529490685 -0.27125728 0.61328125
34 0 0.9977935338 -0.18789443 -4.4375
34 1 0.8778989181 -0.40879917 -0.98046875
34 2 0.9940728228 -0.18789443 -3.4375
34 3 0.1224938487 -1.5579321 1.046875
34 4 0.998226895 -0.42177585 -5.46875
34 5 0.9870228104 -0.25682124 -2.953125
34 6 0.9946239466 -0.13533528 -3.203125
34 7 0.9367870752 -0.34559074 -1.5703125
34 8 0.9043058211 -0.46869057 -1.4296875
34 9 0.9782384328 -0.40089229 -2.875
34 10 0.9975000989 -1.257961 -6.21875
34 11 0.9993443609 -0.22664395 -5.84375
34 12 0.996686221 -0.34023288 -4.625
34 13 0.993170004 -1.3509138 -5.28125
34 14 0.9194882031 -0.26705185 -0.99609375
34 15 0.9416885202 -0.39160562 -1.796875
34 16 0.9997098037 -0.52490854 -7.5
34 17 0.9626285579 -8.5047512 -5.40625
34 18 0.9983855362 -0.13323711 -4.40625
34 19 0.9993242927 -0.13323711 -5.28125
34 20 0.9971120387 -0.14748003 -3.921875
34 21 0.9970436539 -0.15097742 -3.921875
34 22 0.9973499725 -0.61128771 -5.4375
34 23 0.9197117867 -3.5453079 -3.734375
34 24 0.9647367815 -1.6944255 -3.84375
34 25 0.9979060144 -0.29329905 -4.9375
34 26 0.9943763798 -0.89377189 -5.0625
34 27 0.9994168681 -0.1953793 -5.8125
34 28 0.9959433515 -0.15455775 -3.625
34 29 0.9661974662 -0.099013411 -0.87890625
34 30 0.9342733035 -0.29329905 -1.34375
34 31 0.8919378273 -0.29559943 -0.75
34 32 0.9993943274 -0.1157584 -5.25
34 33 0.9584273845 -0.22313017 -1.5625
34 34 0.9783069395 -0.47980523 -3.0625
34 35 0.7797913033 -0.30498278 0.23144531
34 36 0.9929765407 -0.9266569 -4.875
34 37 0.9951139583 -0.17242162 -3.546875
34 38 0.9930410496 -0.13117145 -2.90625
34 39 0.9761686669 -0.23021308 -2.203125
34 40 0.859432556 -0.47236654 -0.97265625
34 41 0.990111498 -0.28206295 -3.328125
34 42 0.9990783685 -0.74023968 -6.6875
34 43 0.9990092969 -0.1953793 -5.28125
34 44 0.9977547172 -0.27768996 -4.8125
34 45 0.9828110395 -2.1419547 -4.8125
34 46 0.9457228035 -0.27125728 -1.4765625
34 47 0.9698350149 -0.31961921 -2.296875
36 0 0.9693243947 -0.097478345 -0.9765625
36 1 0.9608788338 -0.10215643 -0.73828125
36 2 0.9996808691 -0.055541489 -5.15625
36 3 0.9995138201 -0.065957151 -4.90625
36 4 0.9649846983 -0.21458218 -1.7109375
36 5 0.9992462235 -0.14863673 -5.28125
36 6 0.8631809465 -0.51274902 -1.1015625
36 7 0.9916402333 -1.5070533 -5.1875
36 8 0.6277484766 -0.3840313 0.859375
36 9 0.9993340701 -0.22313017 -5.8125
36 10 0.9984806088 -0.17651048 -4.75
36 11 0.9106211111 -0.17789488 -0.3671875
36 12 0.7609406183 -0.22842154 0.8359375
36 13 0.9996349386 -0.15216155 -6.03125
36 14 0.9888104528 -1.189851 -4.65625
36 15 0.5700596114 -0.30260938 1.6875
36 16 0.9969290025 -0.14294255 -3.828125
36 17 0.9159407634 -4.0806241 -3.828125
36 18 0.9994916107 -0.043255754 -4.4375
36 19 0.9996758444 -0.056416139 -5.15625
36 20 0.960054797 -0.22842154 -1.6328125
36 21 0.9113228444 -0.15699168 -0.21484375
36 22 0.9991454772 -0.20961139 -5.5
36 23 0.9171480817 -0.85034817 -2.234375
36 24 0.9381071222 -0.16197513 -0.7265625
36 25 0.9991906973 -0.23201865 -5.65625
36 26 0.9985557679 -0.99255109 -6.53125
36 27 0.9879161654 -0.093014486 -1.96875
36 28 0.9938562301 -0.1157584 -2.90625
36 29 0.9997179479 -0.10057265 -5.875
36 30 0.9975410276 -0.42841786 -5.15625
36 31 0.6042161076 -0.40089229 0.921875
36 32 0.9210447141 -0.18354186 -0.5703125
36 33 0.9234634771 -0.13323711 -0.20117188
36 34 0.9995060032 -0.073580518 -5
36 35 0.999609156 -0.060054667 -5.03125
36 36 0.9097848905 -0.34559074 -1.15625
36 37 0.9992105519 -0.12516467 -5.0625
36 38 0.7408923639 -0.67136824 -0.57421875
36 39 0.981285432 -2.2623549 -4.78125
36 40 0.621974765 -0.29101658 1.4140625
36 41 0.9995731531 -0.2015813 -6.15625
36 42 0.9993846035 -0.13323711 -5.375
36 43 0.9679543715 -0.090152733 -0.83203125
36 44 0.9109073709 -0.10376516 0.37695312
36 45 0.999690304 -0.094479255 -5.71875
36 46 0.9947254749 -0.89202797 -5.125
36 47 0.7206678267 -0.21291229 1.296875
37 0 0.9919045674 -0.13117145 -2.75
37 1 0.9990485532 -0.12131377 -4.84375
37 2 0.0267749549 -0.81937063 4.40625
37 3 0.9990980619 -0.16711676 -5.21875
37 4 0.9908941214 -0.086024337 -2.1875
37 5 0.9987974096 -0.15335497 -4.84375
37 6 0.9982309119 -0.10705902 -4.09375
37 7 0.9129404747 -0.43346792 -1.453125
37 8 0.9993029069 -0.13323711 -5.25
37 9 0.714808712 -0.23383839 1.1640625
37 10 0.8563236936 -0.21796136 0.036621094
37 11 0.6920743013 -0.21796136 1.484375
37 12 0.8648289494 -0.20798019 0.010192871
37 13 0.1120173057 -1.8178532 0.84765625
37 14 0.9000292223 -0.10705902 0.515625
37 15 0.7062027162 -0.33495805 0.6015625
37 16 0.1205588863 -1.3641709 1.3125
37 17 0.999084024 -0.15946393 -5.15625
37 18 0.9989701083 -0.18498141 -5.1875
37 19 0.9987781937 -0.16581626 -4.90625
37 20 0.9976220794 -0.13117145 -4
37 21 0.8595366261 -0.26914635 -0.28125
37 22 0.9971055305 -0.094479255 -3.46875
37 23 0.9910597986 -0.25883552 -3.34375
37 24 0.9989788126 -0.14748003 -4.96875
37 25 0.9994307206 -0.13533528 -5.46875
37 26 0.4197617616 -0.4989185 1.546875
37 27 0.996819291 -0.10874496 -3.515625
37 28 0.9988164979 -0.13746651 -4.75
37 29 0.999203002 -0.27552897 -5.84375
37 30 0.5449408192 -0.81857085 0.094726562
37 31 0.7854980027 -0.27986792 0.31445312
37 32 0.9953879521 -0.13323711 -3.34375
37 33 0.9985310877 -0.10705902 -4.28125
37 34 0.01152345761 -1.1828996 3.75
37 35 0.998787559 -0.16974847 -4.9375
37 36 0.9951699579 -0.07243976 -2.671875
37 37 0.9990400019 -0.17242162 -5.1875
37 38 0.9975879575 -0.1157584 -3.859375
37 39 0.8652222037 -0.47793466 -1.0390625
37 40 0.9989625225 -0.15946393 -5.03125
37 41 0.7565082368 -0.23383839 0.83203125
37 42 0.9504769247 -0.094479255 -0.33984375
37 43 0.3087088585 -0.47980523 2.359375
37 44 0.7642705936 -0.25087199 0.65234375
37 45 0.6583245616 -0.45427048 0.41210938
37 46 0.7174553571 -0.2528396 1
37 47 0.6797841329 -0.25087199 1.296875
38 0 0.9775981007 -0.16711676 -1.9296875
38 1 0.6719381486 -0.20316233 1.8046875
38 2 0.9455598246 -0.15699168 -0.84765625
38 3 0.9651724724 -0.097478345 -0.82421875
38 4 0.08647495074 -0.99349052 2.375
38 5 0.6333585212 -0.23021308 1.8359375
38 6 0.9954738004 -0.11045744 -3.171875
38 7 0.516485519 -0.55876225 0.81640625
38 8 0.9954738004 -0.11045744 -3.171875
38 9 0.9711121565 -0.10215643 -1.1015625
38 10 0.9868166543 -0.16324551 -2.46875
38 11 0.9553037653 -0.07243976 -0.12792969
38 12 0.9284980369 -0.1157584 -0.10742188
38 13 0.9700604242 -0.084690653 -0.83984375
38 14 0.9982047824 -0.097478345 -3.984375
38 15 0.9840080181 -3.0802169 -5.25
38 16 0.9694315308 -0.093014486 -0.92578125
38 17 0.7883639951 -0.15455775 1.296875
38 18 0.9236210187 -0.18069631 -0.59375
38 19 0.9967754972 -0.097478345 -3.390625
38 20 0.9735288615 -0.083377652 -0.96875
38 21 0.8201973815 -0.14519356 1.0703125
38 22 0.9973563292 -0.10705902 -3.6875
38 23 0.9933949694 -0.20001258 -3.390625
38 24 0.994229755 -0.10705902 -2.890625
38 25 0.7382526048 -0.17377394 1.5546875
38 26 0.9597804743 -0.18211353 -1.375
38 27 0.9447082219 -0.070211023 0.22167969
38 28 0.9941440728 -0.10539922 -2.859375
38 29 0.9822480567 -0.10705902 -1.703125
38 30 0.9391593544 -0.10874496 -0.24707031
38 31 0.930317017 -0.14748003 -0.45898438
38 32 0.9888034887 -0.1157584 -2.28125
38 33 0.7744929489 -0.14633234 1.5546875
38 34 0.9738213789 -0.12713574 -1.4609375
38 35 0.9073820694 -0.15576996 -0.14355469
38 36 0.1776778463 -0.97492903 1.5859375
38 37 0.7144194887 -0.22664395 1.2265625
38 38 0.9899503649 -0.10539922 -2.296875
38 39 0.3222169662 -0.72450572 1.328125
38 40 0.9962214364 -0.13533528 -3.5625
38 41 0.9334743133 -0.11219689 -0.16601562
38 42 0.9956073693 -0.11396374 -3.234375
38 43 0.8988473643 -0.10705902 0.53515625
38 44 0.7680761423 -0.24506053 0.66015625
38 45 0.9290929631 -0.10705902 -0.012390137
38 46 0.9970097283 -0.10705902 -3.5625
38 47 0.9701473326 -3.6293824 -4.78125
40 0 0.997666606 -0.094479255 -3.6875
40 1 0.759795972 -0.72168112 -0.76953125
40 2 0.8048912435 -9.0532608 -3.71875
40 3 0.9989711567 -0.13533528 -4.875
40 4 0.5449847355 -0.45427048 1.03125
40 5 0.9243311325 -0.27986792 -1.125
40 6 0.005145511326 -6.4700737 0.22949219
40 7 0.9994645462 -0.30498278 -6.34375
40 8 0.9597066514 -5.7546029 -4.9375
40 9 0.9292978871 -10.584334 -4.96875
40 10 0.9963039212 -0.37955719 -4.625
40 11 0.8940955796 -0.362176 -1.015625
40 12 0.9993472623 -0.055541489 -4.4375
40 13 0.7340265588 -0.5147559 -0.19433594
40 14 0.8880795154 -4.2431779 -3.5625
40 15 0.0344308456 -1.9579049 1.5234375
40 16 0.9983051454 -0.19691168 -4.75
40 17 0.8956849159 -5.2807202 -3.859375
40 18 0.8373213363 -0.32976499 -0.33789062
40 19 0.9513845295 -0.32719874 -1.8046875
40 20 0.9997307882 -0.11943297 -6.09375
40 21 0.9463876251 -0.23938371 -1.3515625
40 22 0.9632598229 -0.322126 -2.09375
40 23 0.9990472321 -0.18789443 -5.28125
40 24 0.9672169586 -5.98384 -5.1875
40 25 0.9993185719 -0.17789488 -5.5625
40 26 0.999489244 -0.20636167 -6
40 27 0.8937962376 -0.41039917 -1.15625
40 28 0.9992394515 -0.27125728 -5.875
40 29 0.9981179202 -0.10705902 -4.03125
40 30 0.7921078995 -0.7316156 -0.98046875
40 31 0.9995131283 -0.77728117 -7.375
40 32 0.9967771703 -0.094479255 -3.359375
40 33 0.8498241482 -0.59479928 -1.15625
40 34 0.8610424705 -8.2430878 -4
40 35 0.9993699697 -0.14072643 -5.40625
40 36 0.729118826 -0.28650481 0.69921875
40 37 0.9544615565 -0.31961921 -1.8515625
40 38 0.313171742 -1.8392814 -0.12792969
40 39 0.9997065031 -0.21458218 -6.59375
40 40 0.9154906579 -8.5047512 -4.5625
40 41 0.9764410395 -6.0307717 -5.53125
40 42 0.9994478933 -0.18498141 -5.8125
40 43 0.8462468406 -0.35656098 -0.515625
40 44 0.9986639946 -0.083377652 -4.125
40 45 0.9524966644 -0.17789488 -1.15625
40 46 0.8477280936 -4.2764578 -3.234375
40 47 0.0007130280527 -3.9860969 1.640625
41 0 0.9260049491 -0.37367269 -1.4765625
41 1 0.9566109745 -0.26705185 -1.7109375
41 2 0.993361655 -0.17242162 -3.234375
41 3 0.9980904212 -0.45427048 -5.46875
41 4 0.9834600525 -2.1927495 -4.875
41 5 0.9677273492 -0.39160562 -2.4375
41 6 0.9773596707 -3.6293824 -5.0625
41 7 0.999594758 -0.73304594 -7.5
41 8 0.9575782938 -0.28875187 -1.8203125
41 9 0.1321266196 -34.704697 -2.8125
41 10 0.9995386151 -0.16974847 -5.90625
41 11 0.9746341042 -0.14294255 -1.625
41 12 0.9990837154 -0.18069631 -5.28125
41 13 0.994675504 -0.19085334 -3.5625
41 14 0.8076401905 -2.4750237 -2.40625
41 15 0.9983410634 -0.35935754 -5.375
41 16 0.9644057911 -0.50283158 -2.59375
41 17 0.9458492604 -0.33758515 -1.71875
41 18 0.9902229646 -0.23201865 -3.140625
41 19 0.9971842523 -0.71327329 -5.53125
41 20 0.8412072188 -0.46323016 -0.79296875
41 21 0.9710973054 -0.4454841 -2.6875
41 22 0.9777119227 -0.32719874 -2.640625
41 23 0.9897892212 -4.8458614 -6.15625
41 24 0.9390095314 -0.27338478 -1.3515625
41 25 0.9794021148 -0.88163549 -3.734375
41 26 0.9996206485 -0.10215643 -5.59375
41 27 0.9849400939 -0.19235022 -2.5
41 28 0.9989297173 -0.15946393 -5
41 29 0.9994815861 -0.13117145 -5.53125
41 30 0.9909151619 -0.50283158 -4
41 31 0.9984283292 -1.0802025 -6.53125
41 32 0.9532516192 -0.41200542 -2.09375
41 33 0.9763335639 -0.23201865 -2.21875
41 34 0.9896833416 -0.17513686 -2.796875
41 35 0.9969520601 -0.56534874 -5.21875
41 36 0.9612877019 -3.6865368 -4.53125
41 37 0.976299114 -0.44374731 -2.890625
41 38 0.9654493655 -4.343802 -4.8125
41 39 0.9990950717 -1.2360417 -7.21875
41 40 0.9123535397 -0.48546103 -1.5703125
41 41 0.4263927631 -22.407036 -3.25
41 42 0.9992338372 -0.20636167 -5.59375
41 43 0.9487464867 -0.20316233 -1.21875
41 44 0.9988336079 -0.17929012 -5.03125
41 45 0.998087796 -0.11219689 -4.0625
41 46 0.8722355969 -3.2280395 -3.140625
41 47 0.9991317705 -0.24891968 -5.65625
42 0 0.9984726869 -0.72168112 -6.15625
42 1 0.9194109301 -0.36501658 -1.3515625
42 2 0.9646402243 -0.5147559 -2.625
42 3 0.9971308178 -0.16842748 -4.0625
42 4 0.9869032796 -9.637146 -6.59375
42 5 0.9895494306 -4.5168395 -6.0625
42 6 0.9021999501 -0.14980251 -0.012268066
42 7 0.9632050855 -7.62361 -5.3125
42 8 0.9969768265 -0.49503589 -5.09375
42 9 0.9981045537 -0.95350802 -6.21875
42 10 0.7835475048 -0.49118349 -0.44140625
42 11 0.9970620333 -3.3305085 -7.03125
42 12 0.9991966697 -1.0972131 -7.21875
42 13 0.668652484 -0.59479928 -0.033203125
42 14 0.3247393467 -1.2604204 0.36523438
42 15 0.9728735079 -0.19845608 -1.90625
42 16 0.9987859397 -0.27125728 -5.40625
42 17 0.9578620241 -4.5522652 -4.65625
42 18 0.9895510388 -3.9860969 -5.9375
42 19 0.9938744904 -0.14072643 -3.109375
42 20 0.9829096837 -0.48926854 -3.328125
42 21 0.9995453625 -0.4835684 -6.96875
42 22 0.9978754742 -1.3299698 -6.4375
42 23 0.9975254095 -2.8045692 -7.03125
42 24 0.8711002288 -1.7757427 -2.515625
42 25 0.9561356932 -0.36931929 -2.046875
42 26 0.9313897124 -10.584334 -5
42 27 0.9954547703 -2.9391634 -6.46875
42 28 0.9582297346 -0.61009496 -2.625
42 29 0.7929090994 -0.67928213 -0.8984375
42 30 0.9279668422 -4.9607778 -4.1875
42 31 0.9707551422 -2.6866128 -4.5
42 32 0.9990267851 -0.5901705 -6.40625
42 33 0.9642554724 -0.23383839 -1.78125
42 34 0.9781386716 -0.4835684 -3.0625
42 35 0.9931135174 -0.25087199 -3.578125
42 36 0.9724853777 -14.021965 -6.21875
42 37 0.9679405396 -7.9894748 -5.5
42 38 0.6805448012 -0.39313832 0.5078125
42 39 0.8958499412 -12.767144 -4.75
42 40 0.9989927 -0.32719874 -5.78125
42 41 0.9991409351 -0.66875082 -6.65625
42 42 0.4768565434 -1.0582755 0.013183594
42 43 0.998959402 -2.0679598 -7.59375
42 44 0.9994892473 -0.95327526 -7.53125
42 45 0.2740302572 -1.5548923 0.26171875
42 46 0.8030425298 -0.30737478 0.040527344
42 47 0.9430701516 -0.31466395 -1.5859375
44 0 0.9870368902 -0.4385775 -3.5
44 1 0.9994095942 -0.9136278 -7.34375
44 2 0.9981855291 -0.36931929 -5.3125
44 3 0.8464962278 -7.8656092 -3.84375
44 4 0.997635848 -0.16711676 -4.25
44 5 0.9985080406 -0.70496339 -6.15625
44 6 0.9955403399 -0.18643223 -3.71875
44 7 0.9994119679 -0.31466395 -6.28125
44 8 0.9723069953 -0.24891968 -2.125
44 9 0.1197183041 -81.961533 -3.640625
44 10 0.6571633906 -0.8994633 -0.51953125
44 11 0.9995957048 -0.30498278 -6.625
44 12 0.89627634 -0.54369056 -1.5
44 13 0.8680147486 -0.41849357 -0.91015625
44 14 0.9974711492 -0.12713574 -3.90625
44 15 0.965558829 -0.13533528 -1.21875
44 16 0.9996751794 -0.19691168 -6.40625
44 17 0.9995525919 -0.25482264 -6.34375
44 18 0.8805544669 -0.49118349 -1.21875
44 19 0.8490716328 -6.1257424 -3.609375
44 20 0.9982118378 -0.16711676 -4.53125
44 21 0.9387461727 -2.8045692 -3.78125
44 22 0.9975793272 -0.17651048 -4.28125
44 23 0.849238253 -2.7182817 -2.78125
44 24 0.9957779657 -0.17377394 -3.703125
44 25 0.9973260554 -0.080812387 -3.390625
44 26 0.9671850982 -0.94701213 -3.328125
44 27 0.9995163491 -0.22139375 -6.125
44 28 0.9494073848 -1.0849599 -3.015625
44 29 0.7533985236 -0.41686201 -0.027954102
44 30 0.9970479876 -0.13117145 -3.78125
44 31 0.9996024701 -0.10376516 -5.5625
44 32 0.9960476493 -0.24698257 -4.125
44 33 0.9991643043 -1.0393279 -7.125
44 34 0.9946083577 -0.5047996 -4.53125
44 35 0.7637459136 -9.4877357 -3.546875
44 36 0.9956712138 -0.20475574 -3.84375
44 37 0.9947250925 -1.3802514 -5.5625
44 38 0.9974082473 -0.14748003 -4.03125
44 39 0.9997242456 -0.25087199 -6.8125
44 40 0.9881742744 -0.18069631 -2.6875
44 41 0.2265396354 -67.948494 -3.8125
44 42 0.8250334771 -0.63069206 -1.03125
44 43 0.9993516282 -0.36931929 -6.34375
44 44 0.8219059064 -0.59946436 -0.94921875
44 45 0.9607284622 -0.15576996 -1.2265625
44 46 0.9960703689 -0.14294255 -3.578125
44 47 0.9405635506 -0.15335497 -0.7109375
45 0 0.9985471337 -0.32465246 -5.40625
45 1 0.9609998495 -2.0923362 -3.953125
45 2 0.9924604501 -0.43009463 -4.03125
45 3 0.946592564 -6.7805791 -4.8125
45 4 0.8774336193 -0.5720129 -1.359375
45 5 0.9912636785 -0.25682124 -3.359375
45 6 0.9991117577 -0.18643223 -5.34375
45 7 0.9093700618 -0.35935754 -1.1953125
45 8 0.8670233684 -4.1126289 -3.34375
45 9 0.9973452219 -3.5177181 -7.1875
45 10 0.8728384754 -3.6865368 -3.28125
45 11 0.9116334417 -8.6386814 -4.53125
45 12 0.98334885 -0.34559074 -3
45 13 0.9765377683 -0.91675586 -3.640625
45 14 0.7752510985 -14.46707 -4.03125
45 15 0.8894872004 -1.1177616 -2.203125
45 16 0.6010918213 -1.2616519 -0.69921875
45 17 0.9481048975 -0.2608656 -1.484375
45 18 0.9612456467 -0.24315347 -1.734375
45 19 0.9742197311 -0.54581851 -3.015625
45 20 0.9326989811 -1.1074398 -2.734375
45 21 0.9995424874 -0.1157584 -5.53125
45 22 0.9588815184 -0.70910621 -2.796875
45 23 0.6477461848 -0.65325922 -0.057617188
45 24 0.9920051603 -0.47052497 -4.0625
45 25 0.9487468262 -0.28650481 -1.6015625
45 26 0.9648251182 -12.37434 -5.84375
45 27 0.835716836 -0.59248042 -1.0390625
45 28 0.9990858775 -0.45962527 -6.21875
45 29 0.9987294097 -0.17789488 -4.9375
45 30 0.9683506834 -2.2013316 -4.21875
45 31 0.9941250664 -0.90519094 -5.03125
45 32 0.9997178605 -0.12913783 -6.125
45 33 0.9833946675 -1.257961 -4.3125
45 34 0.9839490853 -0.64438874 -3.671875
45 35 0.9034466193 -8.3728971 -4.40625
45 36 0.7947572733 -0.65709817 -0.87109375
45 37 0.9753589338 -0.362176 -2.640625
45 38 0.9993696929 -0.17513686 -5.625
45 39 0.9659295746 -0.19845608 -1.65625
45 40 0.9255017871 -3.3305085 -3.75
45 41 0.9950077915 -4.9996853 -6.90625
45 42 0.7564951322 -5.3221374 -2.921875
45 43 0.8587550912 -10.751013 -4.25
45 44 0.9946699664 -0.20636167 -3.640625
45 45 0.9621350069 -0.80666745 -3.015625
45 46 0.8795615114 -10.258688 -4.375
45 47 0.9421610064 -0.96145582 -2.75
46 0 0.9366577407 -0.32719874 -1.5078125
46 1 0.9299422836 -0.26914635 -1.171875
46 2 0.9047357718 -10.920317 -4.6875
46 3 0.9651747875 -4.6602192 -4.875
46 4 0.7353143611 -20.401838 -4.1875
46 5 0.7017186976 -0.56978285 -0.1484375
46 6 0.9635503162 -0.22842154 -1.734375
46 7 0.8744931326 -7.3890562 -4
46 8 0.9393629379 -0.29559943 -1.4453125
46 9 0.9983822751 -0.20001258 -4.8125
46 10 0.9870673263 -0.17789488 -2.578125
46 11 0.955191991 -0.4507353 -2.234375
46 12 0.9908335839 -0.3900789 -3.734375
46 13 0.9857773127 -2.0043354 -4.9375
46 14 0.9995126663 -0.18498141 -5.9375
46 15 0.9934671476 -0.27338478 -3.71875
46 16 0.950693621 -0.27338478 -1.59375
46 17 0.9735510108 -6.7805791 -5.53125
46 18 0.02683375678 -43.190693 -2.4375
46 19 0.8569246721 -4.6602192 -3.390625
46 20 0.9442794305 -3.924298 -4.21875
46 21 0.9882607982 -0.12322418 -2.296875
46 22 0.9084504113 -0.56978285 -1.6953125
46 23 0.9944803366 -2.0358989 -5.90625
46 24 0.9921315755 -1.2915711 -5.09375
46 25 0.9906189491 -0.99663347 -4.65625
46 26 0.9992671692 -0.80430764 -7
46 27 0.9983833775 -0.17107983 -4.65625
46 28 0.9985495791 -0.18498141 -4.84375
46 29 0.9974070852 -2.3616841 -6.8125
46 30 0.9510185726 -1.2228349 -3.171875
46 31 0.9897177484 -0.12713574 -2.46875
46 32 0.9806524452 -0.16324551 -2.0625
46 33 0.9662788967 -0.16324551 -1.453125
46 34 0.9544344023 -8.1152906 -5.15625
46 35 0.9374540978 -6.0307717 -4.53125
46 36 0.5177246908 -27.886007 -3.734375
46 37 0.212963487 -1.5917654 0.49609375
46 38 0.9746122799 -0.2528396 -2.234375
46 39 0.7506324761 -9.9430618 -3.53125
46 40 0.9745089365 -0.18498141 -1.8984375
46 41 0.9959784503 -0.322126 -4.375
46 42 0.9931666522 -0.15946393 -3.125
46 43 0.9858132186 -0.19235022 -2.5625
46 44 0.983302256 -0.47793466 -3.328125
46 45 0.9699567438 -2.7610886 -4.5
46 46 0.9998148962 -0.12322418 -6.5
46 47 0.9966676286 -0.23567241 -4.25
48 0 0.9012004874 -0.24891968 -0.65625
48 1 0.9458814912 -0.33495805 -1.7109375
48 2 0.9474829856 -4.7336068 -4.46875
48 3 0.9860420275 -2.3709276 -5.125
48 4 0.9992691386 -0.16842748 -5.4375
48 5 0.9995664623 -0.19235022 -6.09375
48 6 0.9983017563 -0.36787945 -5.375
48 7 0.9992520873 -0.14748003 -5.28125
48 8 0.9805423651 -2.5041986 -4.84375
48 9 0.9746158836 -0.4614242 -2.859375
48 10 0.9993180586 -0.29329905 -6.0625
48 11 0.8772317111 -0.18069631 0.0625
48 12 0.9920176589 -0.28650481 -3.5625
48 13 0.9995596523 -0.18936811 -6.0625
48 14 0.6802463767 -0.34290135 0.73046875
48 15 0.9932228454 -0.23938371 -3.546875
48 16 0.9960517089 -0.11758133 -3.375
48 17 0.9997784745 -0.13854466 -6.4375
48 18 0.9548579401 -0.25883552 -1.6328125
48 19 0.9929318498 -0.13323711 -2.90625
48 20 0.9991747848 -0.07243976 -4.46875
48 21 0.9993289821 -0.19845608 -5.6875
48 22 0.9212654478 -0.50087124 -1.7265625
48 23 0.9976003226 -0.15455775 -4.15625
48 24 0.9772135138 -0.32465246 -2.609375
48 25 0.7494178159 -0.3840313 0.11279297
48 26 0.9920380683 -4.1448851 -6.25
48 27 0.9165162424 -0.23201865 -0.78515625
48 28 0.9917842305 -0.087379023 -2.3125
48 29 0.9996232418 -0.20798019 -6.3125
48 30 0.8308893303 -3.1287231 -2.796875
48 31 0.9992684566 -0.29559943 -6
48 32 0.9542290677 -0.19385885 -1.296875
48 33 0.9873221791 -0.13117145 -2.28125
48 34 0.9717063344 -3.6578481 -4.84375
48 35 0.9934271251 -1.6681559 -5.53125
48 36 0.9996263119 -0.14633234 -5.96875
48 37 0.9993793004 -0.2015813 -5.78125
48 38 0.9916942564 -1.0629363 -4.84375
48 39 0.9995494041 -0.14183016 -5.75
48 40 0.9876687338 -2.2979817 -5.21875
48 41 0.9911198744 -0.27338478 -3.40625
48 42 0.9996726681 -0.17513686 -6.28125
48 43 0.7893103416 -0.23752081 0.53515625
48 44 0.9965149443 -0.19235022 -4
48 45 0.9996348753 -0.17789488 -6.1875
48 46 0.6881851521 -0.40246132 0.42578125
48 47 0.9840714413 -0.362176 -3.09375
49 0 0.9989626293 -0.15455775 -5
49 1 0.9508201219 -9.0532608 -5.1875
49 2 0.9777455745 -1.639089 -4.28125
49 3 0.9997347596 -0.362176 -7.21875
49 4 0.9892472079 -0.27986792 -3.234375
49 5 0.9908808268 -0.21967085 -3.15625
49 6 0.9699820017 -1.0403433 -3.515625
49 7 0.9981406717 -0.17377394 -4.53125
49 8 0.9996924971 -0.16452587 -6.28125
49 9 0.9045229426 -22.407036 -5.40625
49 10 0.935437969 -0.322126 -1.46875
49 11 0.943849284 -2.6039546 -3.796875
49 12 0.8578344485 -0.35656098 -0.62109375
49 13 0.9992252961 -0.72734135 -6.84375
49 14 0.7973389702 -0.45604843 -0.44140625
49 15 0.2688105941 -0.80824453 1.40625
49 16 0.9989389103 -0.12713574 -4.78125
49 17 0.9921601373 -4.6239533 -6.375
49 18 0.9572067738 -4.7707334 -4.6875
49 19 0.9983185528 -0.18936811 -4.71875
49 20 0.930532311 -0.34023288 -1.4453125
49 21 0.9952153811 -0.20316233 -3.734375
49 22 0.7995018947 -8.7747211 -3.65625
49 23 0.9978289525 -0.16842748 -4.34375
49 24 0.7868887464 -5.4059491 -3.09375
49 25 0.9830825724 -0.15576996 -2.15625
49 26 0.9768609065 -0.17651048 -1.953125
49 27 0.9888919502 -0.55225247 -3.890625
49 28 0.8054047733 -0.32976499 -0.075195312
49 29 0.9418563943 -11.807678 -5.28125
49 30 0.9442615196 -0.44201732 -1.9765625
49 31 0.9459653608 -1.1968433 -3.046875
49 32 0.999118873 -0.16842748 -5.25
49 33 0.9166338826 -11.444394 -4.875
49 34 0.9513566975 -2.4653745 -3.890625
49 35 0.9998676471 -0.23201865 -7.46875
49 36 0.9970485066 -0.12913783 -3.765625
49 37 0.9749976703 -0.40246132 -2.734375
49 38 0.9437275044 -1.410226 -3.171875
49 39 0.995097068 -0.22842154 -3.828125
49 40 0.9985517817 -0.47052497 -5.78125
49 41 0.945233101 -17.180071 -5.71875
49 42 0.959233701 -0.22664395 -1.6015625
49 43 0.968357867 -2.1336038 -4.1875
49 44 0.8791469348 -0.37955719 -0.90625
49 45 0.9978736265 -1.174841 -6.3125
49 46 0.8891083449 -0.30978554 -0.7734375
49 47 0.6140299129 -0.34830126 1.1171875
50 0 0.9989390505 -0.12322418 -4.75
50 1 0.7233015206 -0.81857085 -0.72265625
50 2 0.9868463337 -0.24126123 -2.875
50 3 0.4914884406 -0.6233443 0.75390625
50 4 0.997670774 -0.47421533 -5.3125
50 5 0.9916806887 -0.21626517 -3.234375
50 6 0.9919880013 -0.097478345 -2.453125
50 7 0.888073413 -0.42508388 -1.1328125
50 8 0.8724369938 -0.41849357 -0.953125
50 9 0.9891665666 -0.27768996 -3.21875
50 10 0.9988063905 -0.87306768 -6.59375
50 11 0.9994735627 -0.11758133 -5.40625
50 12 0.9952660479 -0.34559074 -4.28125
50 13 0.9796613544 -1.6944255 -4.40625
50 14 0.8919272131 -0.27986792 -0.68359375
50 15 0.9386193786 -0.44722766 -1.8828125
50 16 0.9997893202 -0.47421533 -7.71875
50 17 0.9323849877 -12.182494 -5.15625
50 18 0.9987626483 -0.093014486 -4.3125
50 19 0.999457153 -0.097478345 -5.1875
50 20 0.9978684853 -0.1157584 -3.984375
50 21 0.9973118065 -0.11943297 -3.78125
50 22 0.9922069405 -1.0611213 -4.90625
50 23 0.9364262706 -2.0760536 -3.4375
50 24 0.9527326857 -1.9887375 -3.703125
50 25 0.9991195258 -0.13117145 -5
50 26 0.9911545804 -1.0639749 -4.78125
50 27 0.9996322567 -0.10874496 -5.6875
50 28 0.9929350342 -0.18354186 -3.234375
50 29 0.9106534636 -0.16842748 -0.296875
50 30 0.922617109 -0.25883552 -1.0078125
50 31 0.8684137902 -0.21967085 -0.10449219
50 32 0.9994897553 -0.11396374 -5.40625
50 33 0.9288171725 -0.2608656 -1.1171875
50 34 0.9951280469 -0.14294255 -3.359375
50 35 0.3554845786 -0.61248285 1.484375
50 36 0.9946013116 -0.66875082 -4.8125
50 37 0.9830872179 -0.26705185 -2.71875
50 38 0.984926908 -0.12322418 -2.03125
50 39 0.9680102402 -0.20001258 -1.734375
50 40 0.8874354493 -0.51879317 -1.3515625
50 41 0.9868035026 -0.20798019 -2.71875
50 42 0.9972253962 -1.2715471 -6.125
50 43 0.9995961874 -0.10874496 -5.59375
50 44 0.9970053233 -0.31713191 -4.65625
50 45 0.9904867092 -1.2567332 -4.875
50 46 0.93738668 -0.22842154 -1.1171875
50 47 0.8945774671 -0.48736107 -1.359375
52 0 0.9085125339 -0.14863673 -0.09765625
52 1 0.9419838256 -0.097478345 -0.16699219
52 2 0.9995283911 -0.082084998 -5.15625
52 3 0.9995287214 -0.065957151 -4.9375
52 4 0.9260561867 -0.22488019 -0.8984375
52 5 0.9994572502 -0.091572434 -5.125
52 6 0.8714794693 -0.24315347 -0.2734375
52 7 0.9902721124 -1.7010573 -5.15625
52 8 0.8122437882 -0.14072643 1.21875
52 9 0.999677793 -0.14748003 -6.125
52 10 0.9993498888 -0.15455775 -5.46875
52 11 0.8657373832 -0.21626517 -0.053710938
52 12 0.8754902662 -0.11219689 0.8203125
52 13 0.9996903539 -0.086024337 -5.625
52 14 0.9947362327 -0.86289614 -5.09375
52 15 0.4827537571 -0.3537862 1.921875
52 16 0.9982599673 -0.094479255 -3.984375
52 17 0.9012466804 -3.8333919 -3.59375
52 18 0.9994994906 -0.042585135 -4.4375
52 19 0.9996210006 -0.068050854 -5.1875
52 20 0.9601192113 -0.17929012 -1.3671875
52 21 0.9324071584 -0.13117145 -0.34960938
52 22 0.9994307586 -0.13117145 -5.4375
52 23 0.9317512486 -0.90962166 -2.515625
52 24 0.9368775903 -0.12713574 -0.40039062
52 25 0.9994215506 -0.16581626 -5.65625
52 26 0.9995778828 -0.43516445 -6.9375
52 27 0.9857644984 -0.082084998 -1.65625
52 28 0.9962576076 -0.079559512 -3.03125
52 29 0.9996753814 -0.11219689 -5.84375
52 30 0.9983543356 -0.32465246 -5.28125
52 31 0.6656401915 -0.27768996 1.203125
52 32 0.9602237985 -0.084690653 -0.48632812
52 33 0.8971426627 -0.13533528 0.20703125
52 34 0.9997182678 -0.055541489 -5.28125
52 35 0.9995211489 -0.073580518 -5.03125
52 36 0.9545770449 -0.19235022 -1.296875
52 37 0.99942192 -0.12131377 -5.34375
52 38 0.9335883398 -0.15335497 -0.5703125
52 39 0.9832017854 -2.2272804 -4.875
52 40 0.6509357534 -0.24315347 1.578125
52 41 0.9995386151 -0.16974847 -5.90625
52 42 0.9993849502 -0.10705902 -5.15625
52 43 0.9449943448 -0.10539922 -0.34179688
52 44 0.7540653908 -0.18643223 1.265625
52 45 0.9997089834 -0.10705902 -5.90625
52 46 0.9955628302 -0.41523683 -4.53125
52 47 0.6395324194 -0.25883552 1.53125
53 0 0.9961960753 -0.083377652 -3.0625
53 1 0.9992823053 -0.075916216 -4.65625
53 2 0.004325299205 -1.0357815 5.25
53 3 0.9993142192 -0.10215643 -5
53 4 0.993656665 -0.077111721 -2.453125
53 5 0.9994038677 -0.10376516 -5.15625
53 6 0.9965919305 -0.21291229 -4.125
53 7 0.9081396679 -0.44897807 -1.4296875
53 8 0.9995283092 -0.087379023 -5.21875
53 9 0.8607808176 -0.18211353 0.24511719
53 10 0.9482540964 -0.091572434 -0.24023438
53 11 0.6076452368 -0.18789443 2.578125
53 12 0.8607439953 -0.15946393 0.4453125
53 13 0.5719055607 -0.52902544 0.62890625
53 14 0.6938568411 -0.25883552 1.1328125
53 15 0.7429914251 -0.17929012 1.4453125
53 16 0.41054576 -0.44722766 1.84375
53 17 0.9994039779 -0.097478345 -5.09375
53 18 0.9994654768 -0.10215643 -5.25
53 19 0.9992470903 -0.10215643 -4.90625
53 20 0.9986860875 -0.07243976 -4
53 21 0.8156704938 -0.22139375 0.41210938
53 22 0.9970248042 -0.078326054 -3.25
53 23 0.9951128948 -0.17513686 -3.5625
53 24 0.9993036527 -0.094479255 -4.90625
53 25 0.9994223662 -0.091572434 -5.0625
53 26 0.6151686866 -0.20798019 2.234375
53 27 0.9970743998 -0.07243976 -3.1875
53 28 0.9988349945 -0.13117145 -4.71875
53 29 0.9993984825 -0.17789488 -5.6875
53 30 0.5192937165 -0.69947731 0.43945312
53 31 0.883352642 -0.11943297 0.6015625
53 32 0.9763153996 -0.27768996 -2.40625
53 33 0.994571725 -0.26497361 -3.875
53 34 0.008094928233 -1.0462016 4.59375
53 35 0.9994398781 -0.10376516 -5.21875
53 36 0.9795748345 -0.13746651 -1.8203125
53 37 0.9993757758 -0.084690653 -4.90625
53 38 0.9966152723 -0.11396374 -3.5
53 39 0.8924050506 -0.3537862 -0.96875
53 40 0.9994315572 -0.079559512 -4.9375
53 41 0.7747357212 -0.19691168 0.9765625
53 42 0.8764888035 -0.17377394 0.12695312
53 43 0.5285909018 -0.20316233 3.09375
53 44 0.7878196132 -0.18643223 0.953125
53 45 0.1674934483 -1.3695102 0.98828125
53 46 0.8769993429 -0.12131377 0.66796875
53 47 0.8410346965 -0.13533528 0.953125
54 0 0.9808013639 -0.099013411 -1.53125
54 1 0.7548238171 -0.10215643 2.6875
54 2 0.9495703573 -0.15097742 -0.89453125
54 3 0.9247495625 -0.11758133 -0.056396484
54 4 0.3756207293 -0.36931929 2.578125
54 5 0.6253987601 -0.22139375 1.9921875
54 6 0.99626176 -0.075916216 -2.984375
54 7 0.7075637783 -0.22664395 1.28125
54 8 0.9967300563 -0.090152733 -3.296875
54 9 0.9763956137 -0.097478345 -1.28125
54 10 0.9969745839 -0.084690653 -3.3125
54 11 0.9112461075 -0.090152733 0.58984375
54 12 0.6826441951 -0.28206295 1.0546875
54 13 0.8753518681 -0.15822297 0.27734375
54 14 0.9976694105 -0.086024337 -3.59375
54 15 0.9892310295 -2.4176898 -5.40625
54 16 0.9561228723 -0.10874496 -0.671875
54 17 0.7713617738 -0.11045744 2.25
54 18 0.9422110952 -0.12913783 -0.53515625
54 19 0.9980392239 -0.066995822 -3.515625
54 20 0.9646361158 -0.091572434 -0.73046875
54 21 0.7730478331 -0.18936811 1.0625
54 22 0.9979688004 -0.095967084 -3.84375
54 23 0.9989893889 -0.083377652 -4.40625
54 24 0.9950991538 -0.071316682 -2.640625
54 25 0.7430981265 -0.16452587 1.625
54 26 0.9661913639 -0.13746651 -1.2578125
54 27 0.9282093606 -0.083377652 0.3671875
54 28 0.9949933685 -0.087379023 -2.828125
54 29 0.9769190364 -0.10215643 -1.359375
54 30 0.9200796505 -0.12322418 -0.034667969
54 31 0.933784134 -0.14406367 -0.49609375
54 32 0.9924215595 -0.075916216 -2.25
54 33 0.6886610234 -0.11943297 3.078125
54 34 0.969811587 -0.14183016 -1.421875
54 35 0.965637397 -0.082084998 -0.6328125
54 36 0.2921893871 -0.35935754 3.390625
54 37 0.7494094399 -0.15699168 1.6640625
54 38 0.9914366635 -0.082084998 -2.203125
54 39 0.5144699999 -0.32719874 1.890625
54 40 0.9958475765 -0.07243976 -2.828125
54 41 0.9575220502 -0.097478345 -0.578125
54 42 0.9942582104 -0.090152733 -2.71875
54 43 0.9530103288 -0.078326054 -0.1640625
54 44 0.8849448252 -0.11943297 0.578125
54 45 0.9512411914 -0.086024337 -0.23828125
54 46 0.9984196636 -0.066995822 -3.734375
54 47 0.993382159 -0.84620625 -4.84375
56 0 0.4533720751 -0.24506053 3.1875
56 1 0.99578419 -0.07243976 -2.8125
56 2 0.9963866716 -0.065957151 -2.875
56 3 0.9950665294 -0.088755049 -2.859375
56 4 0.99888971 -0.097478345 -4.46875
56 5 0.5693617841 -0.18936811 2.921875
56 6 0.8516775199 -0.16197513 0.52734375
56 7 0.2781579015 -0.32976499 3.859375
56 8 0.9187974333 -0.087379023 0.4921875
56 9 0.9993651214 -0.13323711 -5.34375
56 10 0.9989075232 -0.087379023 -4.375
56 11 0.8318468003 -0.19235022 0.47265625
56 12 0.9972891277 -0.073580518 -3.28125
56 13 0.9941709159 -0.090152733 -2.703125
56 14 0.8967825507 -0.11045744 0.51953125
56 15 0.997941305 -0.080812387 -3.65625
56 16 0.5526887435 -0.22488019 2.5625
56 17 0.9964933261 -0.066995822 -2.921875
56 18 0.9977815975 -0.069122501 -3.421875
56 19 0.3544684425 -0.37076476 2.734375
56 20 0.9997768622 -0.082084998 -5.90625
56 21 0.9866932643 -0.095967084 -1.8984375
56 22 0.9033078329 -0.091572434 0.7109375
56 23 0.8333078407 -0.23938371 0.1328125
56 24 0.905891565 -0.091572434 0.6640625
56 25 0.9989401626 -0.099013411 -4.53125
56 26 0.9986234688 -0.073580518 -3.96875
56 27 0.9973763005 -0.065957151 -3.203125
56 28 0.9986256284 -0.062936753 -3.8125
56 29 0.998960467 -0.057304565 -4
56 30 0.8425668213 -0.11045744 1.3125
56 31 0.6100487905 -0.26705185 1.6796875
56 32 0.2411390803 -0.41361797 3.40625
56 33 0.9929537689 -0.078326054 -2.359375
56 34 0.9976764287 -0.070211023 -3.390625
56 35 0.9911591315 -0.086024337 -2.21875
56 36 0.9977799334 -0.14748003 -4.1875
56 37 0.3560874583 -0.30978554 3.296875
56 38 0.9315975148 -0.093014486 0.1328125
56 39 0.4399452388 -0.25087199 3.234375
56 40 0.8333748368 -0.14633234 0.90625
56 41 0.9992470052 -0.10539922 -4.9375
56 42 0.9986665913 -0.066995822 -3.90625
56 43 0.9106948847 -0.15335497 -0.17382812
56 44 0.9963446998 -0.058206979 -2.734375
56 45 0.9875946442 -0.11396374 -2.15625
56 46 0.9363897805 -0.087379023 0.11474609
56 47 0.9978995046 -0.12713574 -4.09375
57 0 0.9928955303 -0.068050854 -2.203125
57 1 0.933755319 -0.13323711 -0.39648438
57 2 0.9911112662 -0.07243976 -2.03125
57 3 0.9759746845 -0.077111721 -0.9921875
57 4 0.9985610369 -0.17789488 -4.8125
57 5 0.8869485306 -0.16581626 0.059814453
57 6 0.6580246971 -0.15699168 2.59375
57 7 0.995158565 -0.15576996 -3.453125
57 8 0.8626445747 -0.12131377 0.8671875
57 9 0.81591249 -0.11396374 1.6015625
57 10 0.8012282019 -0.14519356 1.28125
57 11 0.9865950405 -0.14294255 -2.3125
57 12 0.9923967941 -0.12131377 -2.734375
57 13 0.8755764542 -0.099013411 1.0390625
57 14 0.9315260639 -0.10874496 -0.083496094
57 15 0.9986964146 -0.47980523 -5.90625
57 16 0.9795792966 -0.061000392 -0.91015625
57 17 0.9762584813 -2.0438673 -4.4375
57 18 0.6152262955 -0.28875187 1.4765625
57 19 0.9834333367 -0.069122501 -1.296875
57 20 0.9984273152 -0.74313688 -6.15625
57 21 0.09590246961 -0.38855812 6.03125
57 22 0.9315570256 -0.083377652 0.29296875
57 23 0.9953498136 -0.094479255 -2.984375
57 24 0.7812447812 -0.14294255 1.53125
57 25 0.9975172672 -0.097478345 -3.65625
57 26 0.785223922 -0.11943297 1.8828125
57 27 0.7660049899 -0.18643223 1.15625
57 28 0.9327124596 -0.11943297 -0.23339844
57 29 0.9683495015 -0.069122501 -0.5234375
57 30 0.9602302241 -0.073580518 -0.30664062
57 31 0.9981797018 -0.28875187 -5.0625
57 32 0.9870242454 -0.069122501 -1.5703125
57 33 0.9469701599 -0.12913783 -0.64453125
57 34 0.9739292479 -0.11396374 -1.34375
57 35 0.9871157231 -0.069122501 -1.578125
57 36 0.9983326095 -0.16581626 -4.59375
57 37 0.7944987225 -0.25482264 0.3828125
57 38 0.832788074 -0.078326054 2.234375
57 39 0.9941356686 -0.070211023 -2.4375
57 40 0.8073709447 -0.12913783 1.4453125
57 41 0.6298050108 -0.22313017 1.9375
57 42 0.8356217125 -0.16324551 0.6953125
57 43 0.9966333993 -0.083377652 -3.1875
57 44 0.9829850222 -0.13323711 -1.984375
57 45 0.803658638 -0.12516467 1.5546875
57 46 0.9676637343 -0.084690653 -0.74609375
57 47 0.9987894584 -0.48926854 -6
58 0 0.7408017511 -0.13323711 2.140625
58 1 0.9074357117 -0.29101658 -0.92578125
58 2 0.7535447252 -0.13746651 1.921875
58 3 0.7730303641 -0.14633234 1.5703125
58 4 0.8975408454 -0.075916216 1.1484375
58 5 0.9510808497 -0.070211023 0.041992188
58 6 0.9805647172 -0.063927859 -1.0234375
58 7 0.9646531964 -0.07473924 -0.48046875
58 8 0.9983091246 -0.12713574 -4.3125
58 9 0.7840738184 -0.12913783 1.71875
58 10 0.6174170693 -0.17513686 2.6875
58 11 0.7282606637 -0.18498141 1.515625
58 12 0.9642714002 -0.062936753 -0.24511719
58 13 0.9709123699 -0.12913783 -1.359375
58 14 0.998183117 -0.18069631 -4.59375
58 15 0.7510013579 -0.20798019 1.0859375
58 16 0.7122159318 -0.16324551 1.9453125
58 17 0.9783379214 -0.094479255 -1.34375
58 18 0.5882478496 -0.17929012 2.90625
58 19 0.5281352601 -0.31961921 1.8515625
58 20 0.7763706427 -0.10705902 2.265625
58 21 0.03562831028 -0.41039917 8.125
58 22 0.9902944348 -0.094479255 -2.21875
58 23 0.9420641593 -0.064934582 0.41015625
58 24 0.9975582158 -0.088755049 -3.578125
58 25 0.9944573537 -0.077111721 -2.59375
58 26 0.8793503371 -0.097478345 1.0078125
58 27 0.3793758481 -0.23938371 4.03125
58 28 0.9914330778 -0.063927859 -1.9375
58 29 0.9970529544 -0.11396374 -3.640625
58 30 0.9966201545 -0.10376516 -3.40625
58 31 0.448859365 -0.34290135 2.234375
58 32 0.6628279102 -0.15946393 2.5
58 33 0.9789966118 -0.086024337 -1.2734375
58 34 0.6847592604 -0.18643223 1.890625
58 35 0.8817709498 -0.099013411 0.94140625
58 36 0.8497108848 -0.087379023 1.6953125
58 37 0.8564608245 -0.16581626 0.43554688
58 38 0.989118129 -0.071316682 -1.796875
58 39 0.8546371435 -0.19691168 0.19921875
58 40 0.9983928476 -0.075916216 -3.84375
58 41 0.6437338829 -0.19085334 2.203125
58 42 0.7211587524 -0.14980251 2.0625
58 43 0.8223989333 -0.14633234 1.03125
58 44 0.9253975573 -0.073580518 0.625
58 45 0.9924573015 -0.069122501 -2.15625
58 46 0.9980222774 -0.16324551 -4.40625
58 47 0.8929667569 -0.10874496 0.60546875
60 0 0.7839951751 -0.19235022 0.93359375
60 1 0.8161879394 -0.16197513 0.91796875
60 2 0.7198142655 -0.19691168 1.4609375
60 3 0.05670596005 -0.41361797 6.9375
60 4 0.8216791916 -0.082084998 2.296875
60 5 0.9872066204 -0.063927859 -1.5
60 6 0.9877084393 -3.0324626 -5.5
60 7 0.9606828275 -0.059123605 -0.029663086
60 8 0.961426602 -0.057304565 -0.013427734
60 9 0.3820993597 -0.41686201 2.203125
60 10 0.939360858 -0.055541489 0.734375
60 11 0.5804503692 -0.27986792 1.7890625
60 12 0.95488114 -0.065957151 0.01361084
60 13 0.5668393585 -0.38104272 1.234375
60 14 0.978390513 -0.066995822 -0.953125
60 15 0.8601769941 -0.094479255 1.3671875
60 16 0.9958274847 -0.087379023 -3.015625
60 17 0.9837733024 -0.04901519 -0.92578125
60 18 0.7079852852 -0.13854466 2.40625
60 19 0.9715343263 -0.077111721 -0.7890625
60 20 0.9854451093 -0.17242162 -2.421875
60 21 0.9929586087 -0.077111721 -2.34375
60 22 0.9882619374 -0.062936753 -1.578125
60 23 0.9622386584 -0.064934582 -0.21191406
60 24 0.6659173806 -0.15335497 2.578125
60 25 0.9970922002 -0.13533528 -3.828125
60 26 0.935926401 -0.04462884 1.2265625
60 27 0.9983657792 -0.086024337 -3.953125
60 28 0.9362668576 -0.05136748 0.95703125
60 29 0.6308252224 -0.17377394 2.578125
60 30 0.9818381607 -0.066995822 -1.15625
60 31 0.8821881999 -0.079559512 1.34375
60 32 0.7297376158 -0.19235022 1.421875
60 33 0.9195858142 -0.079559512 0.625
60 34 0.6301478942 -0.20636167 2.125
60 35 0.0465599441 -0.46504319 6.59375
60 36 0.7969186684 -0.084690653 2.609375
60 37 0.9927326348 -0.060054667 -2.046875
60 38 0.9833736851 -3.4094892 -5.3125
60 39 0.9345980827 -0.060054667 0.734375
60 40 0.9224245977 -0.078326054 0.58984375
60 41 0.3064215194 -0.41200542 2.8125
60 42 0.9518163268 -0.050571099 0.50390625
60 43 0.4602298494 -0.30260938 2.484375
60 44 0.9657285138 -0.065957151 -0.36132812
60 45 0.7481059174 -0.22488019 0.96875
60 46 0.9699919082 -0.07243976 -0.6484375
60 47 0.8956949142 -0.082084998 1.0390625
61 0 0.993349129 -0.082084998 -2.46875
61 1 0.955650782 -0.07243976 -0.13867188
61 2 0.6771516508 -0.16197513 2.3125
61 3 0.5508275685 -0.25682124 2.21875
61 4 0.9841859481 -0.065957151 -1.296875
61 5 0.7323926288 -0.12713574 2.359375
61 6 0.9821757769 -0.13963129 -1.984375
61 7 0.6933366562 -0.15216155 2.3125
61 8 0.9916553917 -0.088755049 -2.3125
61 9 0.9463436655 -0.063927859 0.31445312
61 10 0.9768644414 -0.078326054 -1.0546875
61 11 0.5512086932 -0.24315347 2.359375
61 12 0.9487307887 -0.083377652 -0.12792969
61 13 0.7909139468 -0.12322418 1.7421875
61 14 0.993349129 -0.082084998 -2.46875
61 15 0.602859025 -0.19845608 2.46875
61 16 0.8585987636 -0.086024337 1.5859375
61 17 0.9527769166 -0.071316682 -0.029907227
61 18 0.9951558087 -0.079559512 -2.765625
61 19 0.7510498756 -0.12713574 2.140625
61 20 0.9989846639 -0.362176 -5.875
61 21 0.9545081695 -0.07243976 -0.10351562
61 22 0.9916455492 -0.27768996 -3.484375
61 23 0.4252615345 -0.19085334 4.46875
61 24 0.9694964961 -0.066995822 -0.53125
61 25 0.6469406528 -0.20475574 2
61 26 0.9637184243 -0.064934582 -0.265625
61 27 0.9992468425 -0.11219689 -5
61 28 0.719171222 -0.18069631 1.6484375
61 29 0.6391803893 -0.17651048 2.453125
61 30 0.6883845705 -0.15699168 2.28125
61 31 0.9852426456 -0.090152733 -1.71875
61 32 0.9890818244 -0.07473924 -1.84375
61 33 0.9648702089 -0.068050854 -0.36914062
61 34 0.7969713307 -0.13854466 1.421875
61 35 0.612816582 -0.29329905 1.4609375
61 36 0.9717597987 -0.063927859 -0.5703125
61 37 0.8428104237 -0.090152733 1.734375
61 38 0.994097729 -0.083377652 -2.609375
61 39 0.8040865281 -0.094479255 2.203125
61 40 0.9950024227 -0.082084998 -2.765625
61 41 0.9653915169 -0.068050854 -0.38867188
61 42 0.9596761141 -0.07473924 -0.30859375
61 43 0.6897153483 -0.20961139 1.5859375
61 44 0.9666063272 -0.083377652 -0.6875
61 45 0.7218915484 -0.14294255 2.171875
61 46 0.9959368094 -0.10539922 -3.234375
61 47 0.6949784222 -0.17107983 2
62 0 0.1971200121 -0.27338478 5.9375
62 1 0.9394649047 -0.12516467 -0.43554688
62 2 0.8793130756 -0.21458218 -0.19726562
62 3 0.9201151549 -0.068050854 0.875
62 4 0.5701952282 -0.34830126 1.390625
62 5 0.998581559 -0.066995822 -3.84375
62 6 0.05651957469 -0.41039917 7
62 7 0.9997327589 -0.2015813 -6.625
62 8 0.9994522413 -0.17242162 -5.75
62 9 0.9436191448 -0.11758133 -0.44921875
62 10 0.9808631304 -0.062936753 -1.0234375
62 11 0.9957980365 -0.064934582 -2.703125
62 12 0.9875684014 -0.032651156 -0.76171875
62 13 0.1002575005 -0.42508388 5.40625
62 14 0.7838540353 -0.18069631 1.046875
62 15 0.9474456351 -0.12713574 -0.63671875
62 16 0.977265375 -0.21626517 -2.1875
62 17 0.988837171 -0.10874496 -2.21875
62 18 0.9982825201 -0.12913783 -4.3125
62 19 0.847396904 -0.064934582 2.46875
62 20 0.9994901254 -0.086024337 -5.125
62 21 0.9972126963 -0.063927859 -3.109375
62 22 0.996593184 -0.071316682 -3.015625
62 23 0.2740290329 -0.41849357 3.046875
62 24 0.9994817969 -0.10874496 -5.34375
62 25 0.999576788 -0.11758133 -5.625
62 26 0.9972242619 -0.13323711 -3.859375
62 27 0.9957959722 -0.065957151 -2.71875
62 28 0.9873838607 -0.030672923 -0.66796875
62 29 0.9976046399 -0.069122501 -3.34375
62 30 0.9492021596 -0.10057265 -0.38671875
62 31 0.1514805893 -0.40720543 4.625
62 32 0.05489198934 -0.49118349 5.90625
62 33 0.9761903393 -0.063927859 -0.78125
62 34 0.7921797884 -0.28206295 0.25
62 35 0.9652263749 -0.049787067 0.03515625
62 36 0.7543495954 -0.21796136 0.97265625
62 37 0.9981012673 -0.061000392 -3.453125
62 38 0.0398714643 -0.50283158 6.40625
62 39 0.9997783922 -0.25883552 -7.0625
62 40 0.9995991297 -0.14748003 -5.90625
62 41 0.912687459 -0.12516467 0.072265625
62 42 0.9755361501 -0.071316682 -0.87890625
62 43 0.9943542828 -0.058206979 -2.28125
62 44 0.9893181495 -0.031646587 -0.90625
62 45 0.215440899 -0.29559943 5.1875
62 46 0.9148242927 -0.084690653 0.62109375
62 47 0.9659584219 -0.082084998 -0.64453125
