# tools/ref9b/golden/llama_top_real.txt
# The seam capture of sim/tb_llama_top.vhd's REAL-PATH configuration,
# which is the generic set sim/tb_llama_top_real.vhd pins: real matvec_int4,
# real gdn_block, real attn_block, real rmsnorm_rs and the committed
# Qwen3.5-9B weight image sim/llama_top_w_b4_pool.hex.
#
# PROVENANCE.  bash tools/ref9b/capture_llama_top.sh real, at repository
# commit 81297ee550c8458cee1d54efb0b79045e227a28e with a CLEAN rtl/ tree.
# The run reproduces PART 6's published landmark exactly:
#   tb_llama_top RESULT: PASS -- R_X(0) = -16339 hash(R_X) = 92903
#
# THIS FILE IS NOT GATED, ON PURPOSE.  It is a CHARACTERISATION landmark:
# it says what the machine computed on this date, not that the numbers are
# right.  Gating on it would turn every legitimate numeric change by any
# track into a red gate row for a reason unrelated to that track.
# sim/mutate_llama_top_kv.sh's V rows generate their own clean baseline
# rather than reading this, for exactly that reason.
#
# The correctness claim lives in tools/ref9b/bisect_scaled.py, which
# compares 58 of these 63 seams against independent models.
# sim/tb_llama_top.vhd seam capture, run 0.  value = mant * 2^-exp.
# blocks=4 attn_interval=4 hidden=64 ffn=128  -- A SCALED SHAPE, not the 9B one.
SEAM R_X.embed 0 -1 bfp16 3 64
-125 -88 -51 -14 23 60 97 -117 -80 -43 -6 31 68 105 -109 -72
-35 2 39 76 113 -101 -64 -27 10 47 84 121 -93 -56 -19 18
55 92 -122 -85 -48 -11 26 63 100 -114 -77 -40 -3 34 71 108
-106 -69 -32 5 42 79 116 -98 -61 -24 13 50 87 124 -90 -53
SEAM R_XN-0 0 0 bfp16 14 64
-26133 -18575 -10868 -3011 4994 13148 21451 -26110 -18014 -9769 -1375 7168 15860 24701 -22823 -15221
-7470 431 8480 16679 25027 -22572 -14432 -6143 2295 10883 19619 28505 -19504 -11857 -4061 3884
11978 20220 -27060 -19024 -10840 -2506 5976 14608 23389 -26893 -16173 -8482 -642 7347 15485 23772
-23546 -15466 -7237 1141 9668 18344 27169 -23151 -12833 -5097 2787 10821 19003 27335 -20021 -11897
SEAM R_QKV.q-0 0 0 bfp16 12 64
-322 7066 3738 7458 -280 -5376 999 -6239 731 1630 1421 3890 223 4167 629 2469
3876 1396 1468 -6273 5139 -3313 2538 6719 3677 398 -3969 10118 -1355 50 -1272 6645
776 4994 6002 -397 -1008 509 -6127 3485 -3790 -5369 9671 426 -5729 5034 -2815 -951
2221 -6915 18277 -6793 -3602 7202 -8776 -1598 6437 -6185 -5390 -767 620 3103 3405 4045
SEAM R_QKV.k-0 0 0 bfp16 12 64
-118 -2836 3138 9986 1936 -5835 -12188 -2426 4902 -4344 5601 5201 2249 -956 -1180 4675
-7015 733 5637 -4245 -1889 3886 4285 -674 -2508 2419 3639 -3850 -2267 -2895 1162 15036
-216 767 3923 -3691 6549 7587 -137 6166 -13 -5946 198 -937 -4360 -1874 4546 9583
341 -5454 -3298 -6260 -4608 -6230 3694 -556 -11084 207 6224 542 1611 7138 -1712 10063
SEAM R_QKV.v-0 0 0 bfp16 12 128
874 4561 -1681 3221 -1058 -5267 -975 177 -50 1165 -321 4247 -1490 4050 -1426 -5805
-1224 5242 1022 7053 -3144 -11110 -811 6860 3320 -4587 2569 481 -12 2966 7812 -805
1678 3044 900 2961 4330 -2128 -3774 207 -4450 578 -4124 765 -2357 3516 2271 8505
-1049 961 -6973 7359 1111 -2587 -1506 7475 -3444 -637 4203 -2092 -1691 -4064 495 -1928
3003 -3291 553 1793 437 2357 112 -1873 1618 1850 -5181 -4798 1992 -3359 -21 5713
-1337 2420 2148 219 -951 7124 4746 586 -1464 4205 4252 -2224 3777 -1302 3006 532
-307 3526 4045 -1707 -6599 -3608 4124 5346 491 2711 -5598 -4274 1106 3860 -776 989
2913 21558 -30 510 266 1027 -223 3539 -1834 -2428 -1425 -2644 604 -1856 -976 -43
SEAM R_Z-0 0 0 bfp16 12 128
11 -1754 4099 1540 550 -4794 2769 -4290 2696 111 1525 5613 -1760 9623 797 5272
-7436 223 -4120 -7287 1891 2020 -3903 4024 -1580 -1688 -10508 5096 1715 -2160 -5684 2019
-1285 2908 4308 -4924 5378 2829 153 3053 -7217 2429 -5303 743 5282 4058 -977 -1020
-8813 -3358 4112 -2947 3656 2328 2733 633 2332 -65 -2005 1565 -8154 -5532 -510 -3806
18372 1606 2368 7295 -4701 -1713 4204 -1016 9281 528 6446 6425 -2940 -2483 -7896 -3593
-6029 -4845 -5190 5661 1917 6569 2789 3241 2520 4547 -4469 -12925 4631 -2724 3511 628
3834 540 -3666 565 -3393 -4600 -386 -2604 1275 -1752 -559 995 684 -2660 -1044 1117
-9033 -2986 1431 1412 909 -9502 -4539 -223 6708 -5054 2770 -4507 -1283 -2034 6017 -4692
SEAM R_BETA-0 0 0 bfp16 12 4
-1244 -524 -584 598
SEAM R_ALPHA-0 0 0 bfp16 12 4
-7695 3848 -527 5003
SEAM R_Y-0 0 0 bfp16 18 128
-8 -9 1332 -775 -1056 941 -172 -1833 -11059 -20 138 -236 139 15402 -531 16674
280 -53 164 -3480 -93 1002 -2565 -1902 1247 -550 -1874 22 705 1438 -1829 -733
208 193 -538 -206 5803 -4924 -89 75 333 -246 3631 13 -277 -4307 75 -1007
-843 1261 -1059 1469 123 364 -2981 494 19 2 1153 15 -1382 106 -113 4304
-29459 -136 2027 3320 -6810 1342 6926 -290 7495 103 19173 6 -15 -171 -3200 -2700
-331 -214 -916 -1844 99 11786 7549 9869 -155 -3442 146 -5 5489 2278 2856 -698
697 -166 -1668 -19 370 3 -1031 -2053 4766 -81 -517 3 39 569 -703 278
-123 2452 -117 468 -26 129 2465 -259 -1250 -198 3118 5 422 -1168 -13204 1339
SEAM R_ER-0 0 0 bfp16 16 64
-867 -680 -70 290 -2207 720 -160 -1315 745 -663 -2504 -1684 644 -190 -5137 324
-828 -620 709 1132 24 1912 755 337 314 321 -3771 -550 135 1425 -1241 -167
-537 256 467 1470 -211 -3202 -871 -1391 -324 -2478 -570 -737 -995 1600 16 -1141
682 -823 132 -341 -41 -888 -679 611 119 412 -767 -1070 676 977 -719 974
SEAM R_X.attn-0 0 0 bfp16 11 64
-32027 -22549 -13058 -3575 5819 15383 24827 -29993 -20457 -11029 -1614 7883 17428 26874 -28065 -18422
-8986 493 10006 19491 28929 -25796 -16360 -6901 2570 12042 21386 30959 -23804 -14291 -4903 4603
14063 23560 -31217 -21714 -12295 -2916 6629 16085 25590 -29261 -19730 -10263 -799 8754 18177 27612
-27115 -17690 -8188 1269 10751 20196 29675 -25069 -15612 -6131 3304 12767 22293 31775 -23062 -13538
SEAM R_XN.ffn-0 0 0 bfp16 14 64
-26155 -18592 -10869 -3004 4935 13168 21447 -26146 -17994 -9788 -1445 7120 15878 24696 -22955 -15213
-7491 415 8499 16709 25028 -22520 -14411 -6133 2304 10892 19512 28489 -19500 -11820 -4094 3879
11963 20227 -27047 -18984 -10846 -2595 5952 14569 23380 -26964 -16188 -8501 -668 7389 15486 23741
-23527 -15489 -7234 1131 9667 18318 27150 -23133 -12829 -5086 2767 10793 19021 27361 -20040 -11871
SEAM R_G-0 0 0 bfp16 12 128
4880 3256 -3188 -2234 -3416 663 2832 1138 -7109 -3914 87 1 -2349 -3452 -7497 -987
-2687 2221 -3538 2236 2482 -1668 760 -3790 935 -568 -3839 -364 3038 1545 -848 -743
1670 -476 -1221 -196 -6259 -3724 -3238 -461 -746 3870 -3009 2162 883 -6734 -1460 -7160
-369 -837 -1211 1678 3427 3172 847 3947 565 4009 2945 -3934 -1749 507 -1691 371
-1343 891 -535 -7373 -3107 -2767 894 -343 -3061 3410 253 951 4379 2441 -4138 1738
-7160 -3620 1579 703 -8153 3234 3495 20 -1216 -4700 -2147 2469 -4296 -3440 3842 -7723
-2518 2849 -831 469 2649 1595 298 1290 2426 -400 -1315 -3399 -1327 -1267 2276 -6620
2138 817 -1459 -1956 7631 -986 1200 -5859 1076 -3945 -3998 2885 -1392 -2660 -1426 1345
SEAM R_U-0 0 0 bfp16 12 128
822 -822 -2090 -2817 -2774 397 3584 -1228 -752 2295 1932 -1562 1356 -480 8172 2307
3017 1540 422 -1713 7826 77 -929 6873 1261 -1039 2930 -585 -1282 6720 4044 -1894
-4654 -730 -1410 2627 893 2969 -1418 -1996 5131 -2943 974 2039 471 -1335 -4586 -3656
-1648 -1449 -4012 3327 1750 -15 554 -8005 -3330 63 -2052 1365 -2457 -445 1234 -23
-2326 2210 321 4188 -1973 -1625 2498 -302 -185 -932 -3109 1571 -765 -5148 -3238 -774
3677 553 2542 1329 4669 -2859 1806 -276 70 3647 1035 -2273 2414 3899 1245 1512
-2792 -2655 -2358 4856 1097 1125 -1762 -1465 -2163 -595 1000 -1604 -1525 2214 -1510 975
-25 4089 1347 -2183 4124 -3524 3421 2371 -133 2211 -110 -3527 3200 -787 2260 -1006
SEAM R_H-0 0 0 bfp16 8 128
61 -40 101 96 144 4 154 -21 81 -137 2 0 -48 25 -934 -34
-123 52 -22 -58 296 -1 -10 -397 17 9 -171 3 -59 158 -52 21
-118 5 26 -7 -85 -168 70 14 -58 -173 -44 67 6 137 102 399
9 18 74 85 91 0 7 -482 -28 3 -92 -81 65 -3 -31 0
47 30 -2 -471 93 68 34 1 8 -48 -12 22 -51 -191 204 -20
-401 -30 61 14 -580 -141 96 0 -1 -261 -33 -85 -158 -204 72 -178
107 -115 29 34 44 27 -8 -28 -80 3 -20 83 30 -42 -52 -98
0 50 -29 65 480 53 62 -211 -2 -133 6 -155 -67 31 -49 -20
SEAM R_ER.ffn-0 0 0 bfp16 6 64
-32 -27 -73 -6 -39 18 80 -36 32 -22 63 8 11 -1 -54 -20
-51 11 -31 -54 90 -4 38 -11 -48 -40 -5 4 -32 10 -14 -44
23 66 90 -24 51 19 14 13 4 8 23 -15 22 -62 41 -10
69 -27 31 19 -7 -75 -36 -37 186 33 145 94 92 -30 -63 61
SEAM R_X-0 0 0 bfp16 10 64
-16525 -11706 -7697 -1883 2286 7980 13694 -15572 -9716 -5866 201 4070 8890 13421 -14896 -9531
-5309 423 4507 8882 15905 -12962 -7572 -3626 517 5381 10613 15544 -12414 -6985 -2675 1598
7400 12836 -14168 -11241 -5331 -1154 3539 8251 12859 -14502 -9497 -5371 -47 3385 9745 13646
-12453 -9277 -3598 939 5264 8898 14262 -13126 -4830 -2537 3972 7888 12619 15408 -12539 -5793
SEAM R_XN-1 0 1 bfp16 14 64
-26688 -19087 -12670 -3129 3834 13509 23394 -26845 -16901 -10295 356 7270 16017 24390 -24094 -15565
-8753 704 7571 15058 27212 -22378 -13190 -6373 917 9625 19148 28287 -20111 -11425 -4417 2663
12449 21794 -24276 -19435 -9300 -2031 6284 14779 23233 -26427 -15409 -8798 -78 5650 16418 23203
-21368 -16063 -6286 1655 9360 15961 25804 -23953 -7849 -4162 6578 13187 21292 26238 -21548 -10045
SEAM R_QKV.q-1 0 1 bfp16 12 64
-2297 -2666 -7034 -1113 -2585 8406 -2903 -3287 7882 2280 -7938 -508 -5390 -3930 -7409 -6326
-1462 -3856 762 5031 6729 -8721 -4044 -3952 -3344 -447 -3722 684 1931 111 1995 -2100
-4245 3789 7825 -2229 1306 795 -5062 -4758 2711 637 -1001 -3385 8255 -1040 1530 2676
-692 1156 -2720 -2411 411 5623 671 -2888 -1461 811 565 -9452 880 1235 4556 -2674
SEAM R_QKV.k-1 0 1 bfp16 12 64
97 -2056 573 -5604 -4517 -2831 1521 -2738 1135 -2682 -7131 877 5548 -10997 -576 -9729
1915 4016 4504 -736 -639 -8140 -101 4925 -3465 6972 1048 1183 38 3470 385 9471
-3540 5022 5992 1476 -3093 -555 -407 -1636 147 4524 60 -6163 2892 1800 -1601 232
5550 2469 3770 3915 -1172 3693 983 -7559 -119 -8311 -5804 -5749 -13476 4623 9844 77
SEAM R_QKV.v-1 0 1 bfp16 12 128
-4666 -6646 4745 -2340 1427 -2717 2082 5566 -1359 -2705 -7018 -5540 -2157 -2192 3802 -2735
-4710 -2165 479 -3853 9761 -6404 -539 -598 -3572 3216 5199 7 -836 2083 -3035 -9258
8260 4407 920 258 -2757 -4423 -4402 5326 -2388 -2413 -21 3634 -7117 1074 -3829 -5275
-1991 3681 7033 -6205 4513 -6642 -1962 1735 -3879 185 1442 2294 -4106 3614 1549 -397
-354 -4733 1394 6125 -6013 -1338 -803 -1933 108 -5032 -251 2056 -847 -10009 -6398 4088
-4799 1570 4130 -1129 -1631 -1206 182 2282 -2096 -156 -1886 4490 -5508 847 -754 1919
-2245 -8116 2572 -7462 4896 -9564 2854 -4030 898 2101 903 342 5132 -2741 -4823 -755
-2832 -1252 -1073 -2569 1767 -5398 7875 1935 5368 -4018 -5978 -1729 -5347 -12618 316 6271
SEAM R_Z-1 0 1 bfp16 12 128
249 2637 -3186 -1686 -433 2039 -3131 2355 4984 284 -2369 1290 1907 -7641 4974 -2255
-313 192 4793 -1460 5235 3958 -3454 2331 -4726 -2078 -2609 -2951 1249 2017 3301 -585
-1476 312 239 -5490 3448 8719 -8936 4100 -1149 2104 7252 -2581 -3004 2788 -207 -2512
-143 8508 4049 8951 -3773 -1176 -977 3779 3162 -9540 -364 1894 607 -780 9692 -959
-1329 3227 891 2341 1379 -449 -5417 3691 -3513 2935 4483 -1522 3474 1134 2736 -1706
-2475 -1801 3155 -5345 -2438 -1530 -3424 3483 4934 -3290 -3767 2425 -3868 4626 6157 2413
-2046 1985 2250 -9200 175 -2401 -72 -2220 1616 4585 -5658 248 -1270 348 -1819 -1061
-2443 -981 -8224 -1832 2437 5260 4674 3285 -5013 -11308 -2223 729 937 5199 3365 8282
SEAM R_BETA-1 0 1 bfp16 12 4
3473 5611 -418 -17008
SEAM R_ALPHA-1 0 1 bfp16 12 4
-3331 345 -2212 4868
SEAM R_Y-1 0 1 bfp16 18 128
-161 22 -446 571 739 -1051 93 2480 -23942 -53 -130 -39 -235 -1797 -4659 -3330
41 -46 -544 -1986 -328 2290 -2454 -967 2208 -638 -2256 -5 490 -2245 3673 159
232 16 -21 -206 3299 -20366 1038 108 156 -207 -19719 -28 65 -2694 18 -1989
-64 -9286 -1039 -12247 -51 -123 711 3918 27 54 263 19 460 33 4205 1693
905 -315 660 795 4833 418 -2551 1710 -932 721 12062 -1 37 126 5772 -1735
-257 -133 1732 465 -73 -1345 -4223 10798 -359 1024 139 16 -1698 -8610 5835 -3204
-196 -710 2235 56 -32 2 -202 -1858 6249 403 -2259 1 -57 -113 -1096 -203
-119 1090 136 -406 -82 -624 -7747 5432 254 -117 -1388 -2 -406 6156 -6309 -8652
SEAM R_ER-1 0 1 bfp16 16 64
173 897 -720 385 154 57 -1389 1291 1543 747 -32 -501 -1543 2194 1245 1041
-1300 -473 354 -1574 -1162 -1000 1974 2005 -223 1834 -615 -229 -1325 -1480 1222 -433
-284 -417 379 1514 2107 247 -904 1185 2651 2355 -954 -1402 1176 -375 307 1958
-515 -318 1543 2204 -546 1185 -991 -467 2596 277 862 -1219 455 -386 431 114
SEAM R_X.attn-1 0 1 bfp16 10 64
-16522 -11692 -7708 -1877 2288 7981 13672 -15552 -9692 -5854 201 4062 8866 13455 -14877 -9515
-5329 416 4513 8857 15887 -12978 -7541 -3595 514 5410 10603 15540 -12435 -7008 -2656 1591
7396 12829 -14162 -11217 -5298 -1150 3525 8270 12900 -14465 -9512 -5393 -29 3379 9750 13677
-12461 -9282 -3574 973 5255 8917 14247 -13133 -4789 -2533 3985 7869 12626 15402 -12532 -5791
SEAM R_XN.ffn-1 0 1 bfp16 14 64
-26683 -19064 -12688 -3119 3838 13510 23357 -26810 -16859 -10274 356 7255 15974 24452 -24064 -15539
-8786 692 7581 15015 27181 -22406 -13136 -6318 911 9677 19130 28280 -20145 -11462 -4385 2652
12442 21782 -24265 -19394 -9242 -2024 6259 14813 23307 -26360 -15434 -8834 -48 5640 16427 23256
-21382 -16072 -6244 1715 9344 15995 25777 -23966 -7783 -4156 6600 13155 21304 26228 -21536 -10042
SEAM R_G-1 0 1 bfp16 12 128
-3376 386 3136 -6025 -4891 -1641 -1584 1070 -755 385 856 -2691 -2832 1105 -6020 -3803
-4957 630 1273 781 1770 -968 -2460 -2268 1667 699 2564 -569 -3741 -4727 -487 -220
-8516 -1846 -1024 963 -9315 4708 361 -775 3408 -944 -3450 666 -4127 -2856 -3044 -2797
-1602 3651 427 1836 -1697 -2799 916 -3743 414 1166 -1020 -1094 -4687 2901 -1106 51
-3505 -1344 1720 -3429 -3091 -4763 -1622 -1364 -2441 -2399 -1440 27 -2414 3970 -1627 -4824
4887 33 -2355 652 332 -959 4964 1153 -723 1756 -7668 639 2088 6124 -613 -3369
-1913 860 -13 -2760 5233 -2560 -782 -3749 -3447 3913 862 -1755 -4946 4070 3189 3026
1135 1831 1553 -897 2761 3897 -339 1772 -1291 891 1165 -7794 -2163 -294 -2317 2291
SEAM R_U-1 0 1 bfp16 12 128
3665 -1740 2181 -4579 585 3166 872 2717 6184 -2479 691 -1779 3319 -3493 3328 -4209
3603 2976 1588 -3433 2225 -1210 -884 -474 4619 -785 3564 6865 -1335 -3467 2452 -3731
5107 2879 -293 -2725 2903 -4015 -2336 -4153 4473 1331 -4420 -1239 -559 -1983 -1266 7542
-2505 -1538 -530 -2317 1281 3576 -1253 1075 -3536 -639 1849 -1057 -5490 -936 -3230 -649
3488 -151 351 -680 561 -384 1459 78 -2681 -2655 -4594 3258 -3487 -3274 -308 1344
-834 -2433 -2216 -1198 6491 2688 2212 -1221 -2372 -1449 3333 1519 -764 3279 242 1696
4110 -2443 559 1594 -3168 -5436 -1940 1873 -3716 -385 -2838 872 -2050 3123 -449 485
-896 -1208 -622 -17 -1036 4164 269 2153 -3809 -1891 3520 -2311 1411 536 806 4719
SEAM R_H-1 0 1 bfp16 8 128
-188 -10 104 420 -43 -79 -21 44 -71 -14 9 73 -143 -58 -305 244
-272 28 30 -40 60 17 33 16 117 -8 139 -59 76 250 -18 12
-663 -81 4 -40 -412 -288 -12 49 232 -19 232 -12 35 86 58 -321
61 -85 -3 -64 -33 -152 -17 -61 -22 -11 -28 17 392 -41 54 0
-186 3 9 35 -26 27 -36 -1 99 97 100 1 128 -198 7 -98
-62 -1 79 -11 32 -39 167 -21 26 -38 -389 14 -24 306 -2 -87
-119 -32 0 -67 -252 212 23 -107 195 -22 -37 -23 154 193 -21 22
-15 -33 -14 0 -43 247 -1 58 75 -25 62 274 -46 -2 -28 164
SEAM R_ER.ffn-1 0 1 bfp16 6 64
29 25 33 56 -33 15 -63 -40 98 -20 -109 88 -6 14 21 16
9 37 -21 60 70 -46 44 -12 15 50 -127 -17 -59 12 23 -62
-19 -39 -44 27 -39 -64 -49 23 -75 16 33 10 -44 -9 50 27
-16 24 5 -17 -72 102 -73 -54 62 -46 -25 -14 34 36 10 -43
SEAM R_X-1 0 1 bfp16 10 64
-16058 -11292 -7180 -981 1760 8221 12664 -16192 -8124 -6174 -1543 5470 8770 13679 -14541 -9259
-5185 1008 4177 9817 17007 -13714 -6837 -3787 754 6210 8571 15268 -13379 -6816 -2288 599
7092 12205 -14866 -10785 -5922 -2174 2741 8638 11700 -14209 -8984 -5233 -733 3235 10550 14109
-12717 -8898 -3494 701 4103 10549 13079 -13997 -3797 -3269 3585 7645 13170 15978 -12372 -6479
SEAM R_XN-2 0 2 bfp16 14 64
-25934 -18412 -11819 -1630 2952 13916 21635 -27914 -14132 -10836 -2732 9770 15801 24859 -23520 -15121
-8548 1678 7016 16643 29097 -23676 -11910 -6656 1337 11108 15464 27785 -21674 -11148 -3778 998
11931 20722 -25471 -18647 -10331 -3826 4867 15472 21139 -25894 -14577 -8572 -1212 5400 17775 23990
-21821 -15407 -6104 1236 7296 18922 23664 -25542 -6170 -5363 5937 12781 22222 27209 -21261 -11235
SEAM R_QKV.q-2 0 2 bfp16 12 64
-1297 5084 1315 1177 189 2627 2775 -1378 -2383 -1494 -334 4275 3263 -7466 -2413 -13740
3278 4821 1488 -5942 -2349 -11220 5880 -3374 -3745 -2047 1702 -1978 -3608 -2630 1106 -4026
-997 1879 -3227 4526 -5661 651 -7842 2822 4256 3886 -4694 7087 -4299 -844 709 4235
-1179 2006 2127 -1742 756 -63 -605 -959 1699 2836 -7600 -88 3749 7375 1437 -682
SEAM R_QKV.k-2 0 2 bfp16 12 64
-25 389 -812 -9080 2062 -6761 -6200 3245 -2734 -2797 3643 5569 -148 -7272 6110 4863
4534 -6297 -1965 5788 5581 414 -4435 -857 -2529 -3436 -3131 -1882 -798 -2584 -890 1276
4070 -237 82 -2334 6387 2675 -1893 1744 3349 -1700 5733 -10225 3431 -2060 -6654 7887
6528 -3004 3511 -4372 1905 -289 -68 1189 2957 3816 -846 -2113 -2687 -2197 -3925 -3613
SEAM R_QKV.v-2 0 2 bfp16 12 128
8631 855 -3771 -4857 7666 4776 4063 9722 473 4164 -2441 8554 3478 -3809 2418 -823
-5422 -2564 -2874 -4818 -1518 3522 3370 -4636 -3499 -1082 4084 -534 1006 3183 -17 -2343
2717 -7102 1761 1368 -9004 3409 -1249 2604 -6860 11461 339 2219 -6925 5667 -2482 6916
4442 -9924 -8574 -1083 7348 -3867 -3973 2693 328 461 3056 4929 4213 -1127 3974 -1638
3216 -3482 5749 2275 -2178 2933 -5839 1157 1234 -6062 1752 -2245 -1061 -8706 -4119 10678
8252 -3762 -2851 -5915 -2946 310 4232 4668 8207 -6866 -4903 7703 -922 -7515 -451 2790
5237 3076 -4618 3582 477 -1384 3852 -3977 94 -5977 849 -2540 3971 1465 -2504 4761
12076 -4735 907 2144 -4406 -2673 -3615 -159 -3074 4911 5109 -5393 -732 -6970 -7894 -6229
SEAM R_Z-2 0 2 bfp16 12 128
1898 -783 -1112 -3029 -6045 -1611 5894 4901 -6632 7530 3454 2198 2461 2319 3883 7422
4405 -3067 4563 -531 -2868 -194 -1722 -115 -2247 -1108 2312 -2001 -1835 181 -1526 3868
-1869 -1647 -3241 1441 470 1985 -122 -863 750 6301 -6770 -2534 5668 4871 -8412 5137
-1901 2493 -8141 1342 -9651 -408 5313 4362 105 8909 -4792 -2911 3803 -875 5968 -1033
2791 2458 4787 971 -516 4265 -2834 -397 -160 4124 3866 -468 1228 917 1656 2644
-6761 1920 6004 1099 1247 2092 4001 -2398 5322 -7025 -3987 502 -1988 711 -3142 -6484
-1276 2772 2839 -884 572 -2080 727 -2258 -4598 2004 214 -1983 3246 7552 2627 -8499
2995 4251 3584 -3301 -4547 -440 -2806 1473 1524 -6865 4699 3263 -2240 4408 6632 126
SEAM R_BETA-2 0 2 bfp16 12 4
-4176 839 4709 1438
SEAM R_ALPHA-2 0 2 bfp16 12 4
1169 -3787 -10878 -6259
SEAM R_Y-2 0 2 bfp16 18 128
-1463 -5 -214 831 4053 538 -447 6193 6831 -2354 368 -73 -319 2593 -3399 25752
-882 457 -511 -820 76 -76 -1613 37 1604 -392 3683 -4 -488 -165 -1001 -1630
278 -65 170 153 340 -3210 69 -14 -129 -817 3462 -28 -303 -5435 168 9004
-674 -1983 345 -1187 -40 -47 -6885 4700 1 -507 1717 -16 3843 36 2297 1805
-3005 -225 4880 289 -1455 -6219 -2115 -123 -70 1104 9994 0 11 100 3169 4437
-320 223 3917 -254 60 2817 11845 -3797 -395 1079 142 3 -1187 -951 -1154 2281
-136 -1063 2967 25 -110 2 2219 -1880 -7311 145 219 -4 236 -4062 2653 -416
278 -7919 -353 -578 59 32 2056 2076 -201 -188 6057 -9 639 4987 -14943 -76
SEAM R_ER-2 0 2 bfp16 16 64
113 -1633 474 -2348 -1108 -226 -643 -630 938 622 -945 1338 458 -795 -286 697
1937 -378 -1545 -886 -772 -1079 -3336 -522 74 1970 -289 806 1717 -195 695 1599
-724 -274 -581 -484 205 523 -1946 -940 -1035 -1252 738 617 -787 -32 -471 -16
1370 1765 1428 435 1207 984 979 -1036 -399 -59 55 -604 -179 -675 -359 287
SEAM R_X.attn-2 0 2 bfp16 10 64
-16056 -11318 -7173 -1018 1743 8217 12654 -16202 -8109 -6164 -1558 5491 8777 13667 -14545 -9248
-5155 1002 4153 9803 16995 -13731 -6889 -3795 755 6241 8566 15281 -13352 -6819 -2277 624
7081 12201 -14875 -10793 -5919 -2166 2711 8623 11684 -14229 -8972 -5223 -745 3235 10543 14109
-12696 -8870 -3472 708 4122 10564 13094 -14013 -3803 -3270 3586 7636 13167 15967 -12378 -6475
SEAM R_XN.ffn-2 0 2 bfp16 14 64
-25930 -18455 -11808 -1692 2923 13910 21618 -27931 -14105 -10818 -2759 9808 15814 24837 -23527 -15103
-8499 1668 6976 16619 29076 -23706 -12001 -6670 1339 11163 15455 27808 -21631 -11153 -3760 1040
11912 20715 -25487 -18661 -10326 -3812 4814 15446 21110 -25930 -14558 -8556 -1232 5400 17763 23990
-21785 -15358 -6066 1248 7330 18949 23691 -25572 -6180 -5365 5939 12766 22217 27190 -21271 -11228
SEAM R_G-2 0 2 bfp16 12 128
255 -3004 -763 -2487 3483 -434 2396 -3803 -766 1018 1721 1354 -19 2421 2790 -316
1541 -1133 -60 -4083 -4761 6574 -1607 3277 5275 3004 1683 -4031 -2186 -2763 -31 -785
-842 -983 1223 -6362 5476 -4834 3395 -718 2273 -1476 -1851 1557 413 1287 1743 -712
923 -3075 -483 5220 468 -4563 779 1464 773 -39 1170 -211 452 -1148 -2842 1674
2685 5799 4647 1319 -767 3400 -2806 -552 212 288 315 -4823 -4053 2008 -2738 -2785
2799 2029 729 3926 -1469 1125 -1052 2381 979 2704 4249 5896 -29 3395 -2105 -563
-4584 4169 1434 -1180 3494 -7237 -2096 481 -2515 -1214 573 83 -1889 3685 6621 1195
-4897 1546 1052 -2660 -1499 -2334 1449 -888 -1206 3041 4688 393 636 5531 -1118 -1266
SEAM R_U-2 0 2 bfp16 12 128
-4225 672 -198 -1735 907 -322 -2209 4243 667 2471 482 -834 -3151 -2347 -779 -590
1394 -639 -2610 1388 1082 -1373 -1790 1060 617 689 3508 -625 -2487 2088 -1754 -2111
426 -1253 -1401 2613 971 -1571 -2527 799 -2913 -3336 -7224 2562 3562 -1004 4466 -2185
-2055 46 -3105 -4006 -1933 1206 3625 507 -2504 2701 5107 -7067 1887 -1100 5480 -2812
-4 439 -133 -1732 -756 -2040 -269 254 1194 -2770 -908 714 1363 480 -1566 -2498
-284 1764 -6299 715 -4597 -1828 -1091 -2849 926 -609 7114 1014 -2265 -154 -3017 -1974
4106 -6305 -2253 4320 -3656 1330 -4054 6557 930 -2938 -5287 -2632 309 -1123 -4089 669
-3490 -133 649 337 427 -2362 3096 -37 1543 671 -1462 3876 -2948 -2573 -2409 743
SEAM R_H-2 0 2 bfp16 8 128
-16 -30 2 65 48 2 -80 -246 -7 38 12 -17 0 -86 -33 2
32 11 2 -86 -78 -137 43 53 49 31 90 38 82 -88 0 25
-5 18 -26 -253 81 115 -130 -8 -101 75 204 60 22 -19 118 23
-28 -2 22 -319 -13 -83 43 11 -29 -1 91 22 13 19 -237 -71
0 38 -9 -34 8 -105 11 -2 3 -12 -4 -52 -84 14 65 106
-12 54 -70 42 103 -31 17 -103 13 -25 461 91 1 -7 96 16
-287 -401 -49 -77 -194 -146 129 48 -35 54 -46 -3 -8 -63 -413 12
260 -3 10 -13 -9 84 68 0 -28 31 -104 23 -28 -217 41 -14
SEAM R_ER.ffn-2 0 2 bfp16 6 64
4 10 -35 21 -51 19 35 27 42 -47 37 -87 8 -27 -1 -59
-1 -48 64 21 -42 6 41 43 -7 -24 14 -59 -17 48 12 47
11 -23 -50 -27 -1 -13 29 1 -4 22 44 38 9 24 -10 -15
16 38 26 -27 -41 -27 -10 8 -35 5 1 7 31 23 42 -56
SEAM R_X-2 0 2 bfp16 10 64
-15992 -11158 -7733 -682 927 8521 13214 -15770 -7437 -6916 -966 4099 8905 13235 -14561 -10192
-5171 234 5177 10139 16323 -13635 -6233 -3107 643 5857 8790 14337 -13624 -6051 -2085 1376
7257 11833 -15675 -11225 -5935 -2374 3175 8639 11620 -13877 -8268 -4615 -601 3619 10383 13869
-12440 -8262 -3056 276 3466 10132 12934 -13885 -4363 -3190 3602 7748 13663 16335 -11706 -7371
SEAM R_XN-3 0 3 bfp16 14 64
-26003 -18317 -12816 -1141 1565 14522 22728 -27371 -13025 -12220 -1722 7371 16153 24215 -23713 -16758
-8583 392 8755 17306 28117 -23700 -10932 -5498 1148 10548 15967 26268 -22222 -9964 -3466 2309
12291 20227 -27040 -19540 -10424 -4207 5676 15580 21137 -25461 -13507 -7611 -1001 6082 17612 23743
-21491 -14403 -5375 490 6205 18298 23561 -25510 -7138 -5269 6006 13041 23211 28006 -20253 -12868
SEAM R_QG-3 0 3 bfp16 12 128
644 -2496 -1448 1222 -2917 3047 -671 -3663 -1769 1348 1304 2451 -3636 -2142 -463 5591
9379 -4414 241 -2512 397 376 -7082 -1892 -3053 -967 -329 8136 6719 -2900 1773 5491
-2944 1319 -4585 -4373 -63 -1116 3178 -2001 643 3455 -2569 -2690 -4845 1345 2073 1873
2244 49 9915 -555 5591 3364 -755 190 -2697 1284 2960 1934 -2882 429 -5012 -2412
-9365 267 447 1565 2460 -537 571 -1510 8021 897 8756 4168 -2131 -2160 -1082 40
-5304 2435 3882 11236 2472 -413 -249 -6347 8167 -2077 -72 -5829 -9554 1511 -5412 -190
-6762 -2716 6042 -5454 990 3526 -1244 -4767 5126 663 -1956 10115 1722 -8556 5387 4000
-3902 -5660 3526 -5914 -9560 -4463 3363 2267 4106 -2434 5421 -1383 674 3424 -802 1578
SEAM R_KIN-3 0 3 bfp16 12 32
596 -1388 150 298 4453 5787 4043 -2822 -2707 3790 -1246 138 -2823 -10 -119 1328
239 -10559 1639 5877 1461 3765 3892 -5409 -3771 -1195 -4981 -3433 -209 481 1120 -3092
SEAM R_VIN-3 0 3 bfp16 12 32
2628 -6025 -515 503 -2917 826 1665 -6826 -3851 -1378 -6221 1143 2836 7922 575 6327
2534 -4721 6556 -206 -1186 533 -7647 1074 2501 -2342 3027 11921 -4168 -3287 3706 2814
SEAM R_Y-3 0 3 bfp16 14 64
9530 -6112 -1054 719 -6173 1740 1003 -10589 -4943 -2485 -11917 4052 9434 10478 1397 20086
6650 -12104 -1881 955 -9380 2311 3022 -14014 -5240 -3254 -16716 2838 3729 16702 524 9046
2202 -12206 18817 -962 -3310 972 -14892 717 9012 -3464 6090 9247 -1495 -7870 3127 5501
2851 -3803 18351 -196 -452 516 -21332 2601 7491 -3278 9704 19827 -9141 -9286 6699 6703
SEAM R_ER-3 0 3 bfp16 12 64
-301 -284 3769 1886 1590 530 -223 -2434 -4237 5644 -307 739 169 -1300 -2404 -280
-2114 -2 -188 1860 1618 1834 -1857 2208 -2829 2981 2141 527 -987 3802 702 -2292
2315 501 1150 -2885 -344 -1907 -1630 1586 -2955 1135 -4757 -765 -1160 2086 1023 1084
-1681 1695 735 -1972 326 -2680 2393 2350 -3103 725 -1910 1072 -177 -1830 -3523 2111
SEAM R_X.attn-3 0 3 bfp16 10 64
-16067 -11229 -6791 -210 1325 8654 13158 -16378 -8496 -5505 -1043 4284 8947 12910 -15162 -10262
-5699 234 5130 10604 16728 -13176 -6697 -2555 -64 6602 9325 14469 -13871 -5100 -1909 803
7836 11958 -15387 -11946 -6021 -2851 2768 9036 10881 -13593 -9457 -4806 -891 4141 10639 14140
-12860 -7838 -2872 -217 3548 9462 13532 -13297 -5139 -3009 3125 8016 13619 15878 -12587 -6843
SEAM R_XN.ffn-3 0 3 bfp16 14 64
-25889 -18268 -11153 -348 2217 14616 22428 -28170 -14745 -9640 -1843 7635 16083 23408 -24469 -16721
-9374 389 8598 17936 28555 -22696 -11640 -4480 -113 11782 16786 26271 -22421 -8323 -3145 1335
13152 20257 -26304 -20607 -10480 -5007 4904 16149 19615 -24715 -15310 -7855 -1470 6897 17884 23989
-22017 -13541 -5006 -382 6295 16934 24428 -24210 -8332 -4926 5164 13370 22928 26977 -21581 -11839
SEAM R_G-3 0 3 bfp16 12 128
496 -29 4035 230 -1717 899 2767 -2624 -3559 4010 1355 -2610 4410 -7572 -1083 -7529
-2170 -3574 -4709 -1739 6387 -5228 -534 2035 3324 -507 -119 2144 -304 -115 -1338 1024
1269 -519 477 1574 2920 -1708 3677 3162 -2813 -1226 2581 -2500 2697 -1133 -1858 -58
-5081 -1144 453 -2645 -311 3655 -997 -2189 572 7485 -1425 -1173 4065 274 -5589 3701
1950 6213 -242 3028 2117 -4050 1370 -3532 846 178 1506 -1911 -1500 1923 -2878 1150
2331 -1259 -614 -1170 146 -96 1709 3836 1963 -2210 -1741 -1211 -1786 -5162 3561 -1042
2770 -700 -1047 -2971 -839 -652 3966 5503 2162 -880 1343 -4007 -1113 1247 3846 5691
-1018 -1678 1572 1882 2857 -3421 2007 4839 -1884 242 1650 -1808 4643 6874 2319 2487
SEAM R_U-3 0 3 bfp16 12 128
5937 2057 -2012 -2747 -15 -1544 -3402 -1071 2903 -6212 -485 -3899 1822 -1058 -298 -446
661 2887 1237 1065 -4427 -2269 1015 -1609 4186 2912 884 -1112 -2203 2196 -3911 -359
-4206 -4101 1296 51 -365 -7028 -4396 4445 3581 -1710 -1085 1073 -103 -2918 -204 -2344
3544 -1470 -629 1029 1930 -2166 1308 2651 -78 1057 1103 -2478 1224 -4819 2665 -2507
-1904 925 -269 -2540 442 3318 -2387 1004 230 1157 852 1948 -3520 -2629 1455 -3112
-1220 -1114 2990 -1330 1447 2937 -4542 -1024 4225 6693 369 -1806 493 1205 -2116 -1483
5942 -4809 -546 -1294 -3881 -1521 2025 207 1451 4664 -3145 -2074 -1979 4119 -6246 4889
-5510 1518 -3088 2054 -948 -1296 -1590 954 523 -429 3247 4332 1438 -2595 -1902 -3031
SEAM R_H-3 0 3 bfp16 8 128
44 0 -123 -9 0 -21 -143 42 -157 -380 -10 155 122 122 4 51
-21 -157 -88 -28 -431 181 -8 -49 212 -22 -1 -36 10 -3 79 -5
-81 32 9 1 -16 183 -246 214 -153 31 -42 -40 -4 50 5 2
-274 25 -4 -41 -9 -120 -19 -88 0 120 -23 44 75 -20 -227 -141
-56 87 0 -117 14 -205 -49 -54 2 3 19 -56 80 -77 -63 -54
-43 21 -28 23 3 -4 -118 -59 126 -225 -9 33 -13 -94 -114 23
251 51 8 58 49 15 122 17 47 -62 -64 126 33 78 -366 424
85 -38 -74 58 -41 67 -48 70 -15 -1 81 -119 101 -272 -67 -115
SEAM R_ER.ffn-3 0 3 bfp16 6 64
-17 -25 -29 -31 36 60 32 -79 -14 64 22 -55 34 27 -15 25
0 -45 -67 -4 41 -3 38 3 20 18 -12 -8 -51 -13 -25 11
-64 3 -33 14 8 15 -7 -53 -12 2 -52 -62 -15 -21 23 -33
-21 -26 16 -3 -71 -82 4 -39 -22 56 63 -26 -10 26 -30 2
SEAM R_X-3 0 3 bfp16 10 64
-16339 -11629 -7255 -706 1901 9614 13670 -17642 -8720 -4481 -691 3404 9491 13342 -15402 -9862
-5699 -486 4058 10540 17384 -13224 -6089 -2507 256 6890 9133 14341 -14687 -5308 -2309 979
6812 12006 -15915 -11722 -5893 -2611 2656 8188 10689 -13561 -10289 -5798 -1131 3805 11007 13612
-13196 -8254 -2616 -265 2412 8150 13596 -13921 -5491 -2113 4133 7600 13459 16294 -13067 -6811
SEAM R_XN.final 0 4 bfp16 14 64
-26028 -18704 -11780 -1157 3145 16053 23036 -30000 -14962 -7757 -1207 5997 16868 23916 -24574 -15886
-9268 -798 6724 17626 29337 -22520 -10463 -4346 448 12156 16254 25743 -23470 -8564 -3761 1610
11304 20107 -26898 -19991 -10141 -4533 4652 14467 19050 -24376 -16467 -9369 -1845 6265 18292 22830
-22335 -14097 -4508 -461 4231 14420 24264 -25058 -8802 -3420 6752 12533 22401 27369 -22149 -11650
